Kf = 

3 x 3

0.00336			-0.000010819	-0.00019273
-0.000010819	0.000011359		-0.0000093297
-0.00019273		-0.0000093297	0.000032049


Kn = 

3 x 3


594.2486424	4601.3320946	4913.0577832	
4601.3320946	151328.4392458	71723.4133425	
4913.0577832	71723.4133425	81626.6203631

Gamma = 

3 x 6

1	0		0	-1		0	0
0	0.01	1	0	-0.01	0
0	0.01	0	0	-0.01	1

Kn x Gamma = 

3 x 6


594.2486424	95.1438988	4601.3320946	-594.2486424	-95.1438988	4913.0577832	
4601.3320946	2230.5185259	151328.4392458	-4601.3320946	-2230.5185259	71723.4133425	
4914.0577832	1533.5003371	71723.4133425	-4913.0577832	-1533.5003371	81626.6203631

GammaT = 

6 x 3


1.0000000	0.0000000	0.0000000	
0.0000000	0.0100000	0.0100000	
0.0000000	1.0000000	0.0000000	
-1.0000000	0.0000000	0.0000000	
0.0000000	-0.0100000	-0.0100000	
0.0000000	0.0000000	1.0000000
