0.000000	0.000000
0.014500	-0.134633
0.029000	-0.267596
0.043500	-0.405328
0.058000	-0.530617
0.072500	-0.623895
0.087000	-0.686180
0.101500	-0.729974
0.116000	-0.760215
0.130500	-0.774551
0.145000	-0.771961
0.159500	-0.756349
0.174000	-0.734638
0.188500	-0.709760
0.203000	-0.679157
0.217500	-0.640154
0.232000	-0.591981
0.246500	-0.537242
0.261000	-0.481512
0.275500	-0.430911
0.290000	-0.389778
0.304500	-0.357717
0.319000	-0.331567
0.333500	-0.309617
0.348000	-0.291318
0.362500	-0.275384
0.377000	-0.260052
0.391500	-0.243176
0.406000	-0.222553
0.420500	-0.196573
0.435000	-0.166447
0.449500	-0.135758
0.464000	-0.105675
0.478500	-0.074505
0.493000	-0.040814
0.507500	-0.004805
0.522000	0.029402
0.536500	0.056108
0.551000	0.072116
0.565500	0.077915
0.580000	0.077991
0.594500	0.077273
0.609000	0.078105
0.623500	0.081129
0.638000	0.086296
0.652500	0.090089
0.667000	0.086470
0.681500	0.076646
0.696000	0.068188
0.710500	0.064412
0.725000	0.064342
0.739500	0.067364
0.754000	0.072331
0.768500	0.076219
0.783000	0.076158
0.797500	0.069791
0.812000	0.056401
0.826500	0.038287
0.841000	0.019616
0.855500	0.005116
0.870000	-0.002564
0.884500	-0.003729
0.899000	0.000344
0.913500	0.008376
0.928000	0.017441
0.942500	0.023970
0.957000	0.026151
0.971500	0.024195
0.986000	0.020543
1.000500	0.017871
1.015000	0.016686
1.029500	0.016068
1.044000	0.014798
1.058500	0.010685
1.073000	0.000763
1.087500	-0.013880
1.102000	-0.027969
1.116500	-0.038129
1.131000	-0.044442
1.145500	-0.050685
1.160000	-0.061498
1.174500	-0.075657
1.189000	-0.088396
1.203500	-0.096991
1.218000	-0.100464
1.232500	-0.098348
1.247000	-0.091938
1.261500	-0.084241
1.276000	-0.077991
1.290500	-0.075162
1.305000	-0.075097
1.319500	-0.074158
1.334000	-0.067681
1.348500	-0.052140
1.363000	-0.028891
1.377500	-0.003031
1.392000	0.019858
1.406500	0.035942
1.421000	0.044338
1.435500	0.045154
1.450000	0.036902
1.464500	0.020430
1.479000	0.001885
1.493500	-0.013016
1.508000	-0.021864
1.522500	-0.023849
1.537000	-0.019718
1.551500	-0.015037
1.566000	-0.016706
1.580500	-0.022823
1.595000	-0.026626
1.609500	-0.027280
1.624000	-0.026515
1.638500	-0.021730
1.653000	-0.010557
1.667500	0.005173
1.682000	0.023163
1.696500	0.042134
1.711000	0.058251
1.725500	0.065154
1.740000	0.061894
1.754500	0.053644
1.769000	0.045035
1.783500	0.038240
1.798000	0.033331
1.812500	0.029303
1.827000	0.026917
1.841500	0.028005
1.856000	0.033283
1.870500	0.042628
1.885000	0.055601
1.899500	0.070865
1.914000	0.086272
1.928500	0.100053
1.943000	0.110715
1.957500	0.114482
1.972000	0.106468
1.986500	0.089257
2.001000	0.070874
2.015500	0.054014
2.030000	0.037006
2.044500	0.019769
2.059000	0.003120
2.073500	-0.012026
2.088000	-0.023670
2.102500	-0.029024
2.117000	-0.028037
2.131500	-0.024679
2.146000	-0.023060
2.160500	-0.025242
2.175000	-0.029496
2.189500	-0.031274
2.204000	-0.028518
2.218500	-0.022613
2.233000	-0.017086
2.247500	-0.015066
2.262000	-0.014761
2.276500	-0.012309
2.291000	-0.007107
2.305500	0.000505
2.320000	0.012316
2.334500	0.027340
2.349000	0.039376
2.363500	0.044798
2.378000	0.044710
2.392500	0.037132
2.407000	0.017392
2.421500	-0.010499
2.436000	-0.035773
2.450500	-0.048933
2.465000	-0.045508
2.479500	-0.031728
2.494000	-0.018051
2.508500	-0.008882
2.523000	-0.004549
2.537500	-0.005305
2.552000	-0.010522
2.566500	-0.019149
2.581000	-0.029481
2.595500	-0.038223
2.610000	-0.044006
2.624500	-0.047955
2.639000	-0.046846
2.653500	-0.035550
2.668000	-0.019280
2.682500	-0.007672
2.697000	-0.001756
2.711500	0.001569
2.726000	0.003108
2.740500	0.003647
2.755000	0.004499
2.769500	0.005722
2.784000	0.006949
2.798500	0.009103
2.813000	0.013900
2.827500	0.020355
2.842000	0.024742
2.856500	0.024439
2.871000	0.019218
2.885500	0.011163
2.900000	0.003215
2.914500	-0.002523
2.929000	-0.005404
2.943500	-0.006433
2.958000	-0.007018
2.972500	-0.007902
2.987000	-0.011065
3.001500	-0.020715
3.016000	-0.037427
3.030500	-0.056473
3.045000	-0.072748
3.059500	-0.082588
3.074000	-0.083212
3.088500	-0.073946
3.103000	-0.058803
3.117500	-0.043562
3.132000	-0.032176
3.146500	-0.026826
3.161000	-0.028694
3.175500	-0.036088
3.190000	-0.043179
3.204500	-0.045226
3.219000	-0.041520
3.233500	-0.033843
3.248000	-0.025007
3.262500	-0.016095
3.277000	-0.005645
3.291500	0.009011
3.306000	0.029944
3.320500	0.056034
3.335000	0.083026
3.349500	0.103500
3.364000	0.111610
3.378500	0.107868
3.393000	0.096856
3.407500	0.084714
3.422000	0.077063
3.436500	0.077502
3.451000	0.085448
3.465500	0.096795
3.480000	0.107489
3.494500	0.115073
3.509000	0.119347
3.523500	0.121554
3.538000	0.122085
3.552500	0.120572
3.567000	0.117177
3.581500	0.111735
3.596000	0.102547
3.610500	0.089479
3.625000	0.076179
3.639500	0.064753
3.654000	0.053230
3.668500	0.041170
3.683000	0.031220
3.697500	0.025472
3.712000	0.024533
3.726500	0.026339
3.741000	0.027205
3.755500	0.025868
3.770000	0.022965
3.784500	0.018051
3.799000	0.010787
3.813500	0.002593
3.828000	-0.004200
3.842500	-0.006397
3.857000	-0.001819
3.871500	0.009267
3.886000	0.026265
3.900500	0.049001
3.915000	0.072870
3.929500	0.090086
3.944000	0.097234
3.958500	0.095073
3.973000	0.084918
3.987500	0.068924
4.002000	0.051007
4.016500	0.034219
4.031000	0.019303
4.045500	0.006647
4.060000	-0.002510
4.074500	-0.008438
4.089000	-0.013562
4.103500	-0.017344
4.118000	-0.015645
4.132500	-0.008621
4.147000	-0.001196
4.161500	0.002435
4.176000	0.000746
4.190500	-0.002620
4.205000	-0.002174
4.219500	0.002753
4.234000	0.008582
4.248500	0.009576
4.263000	0.002027
4.277500	-0.012394
4.292000	-0.027387
4.306500	-0.034587
4.321000	-0.032006
4.335500	-0.025615
4.350000	-0.022762
4.364500	-0.028327
4.379000	-0.040774
4.393500	-0.053860
4.408000	-0.061846
4.422500	-0.062144
4.437000	-0.056586
4.451500	-0.048676
4.466000	-0.040228
4.480500	-0.031393
4.495000	-0.021565
4.509500	-0.009662
4.524000	0.005403
4.538500	0.022250
4.553000	0.037150
4.567500	0.047799
4.582000	0.053572
4.596500	0.052202
4.611000	0.042062
4.625500	0.028947
4.640000	0.020353
4.654500	0.016544
4.669000	0.014393
4.683500	0.012046
4.698000	0.009689
4.712500	0.010654
4.727000	0.017448
4.741500	0.028783
4.756000	0.042511
4.770500	0.056920
4.785000	0.067437
4.799500	0.068292
4.814000	0.058202
4.828500	0.040027
4.843000	0.020245
4.857500	0.005388
4.872000	-0.003506
4.886500	-0.008855
4.901000	-0.012705
4.915500	-0.016812
4.930000	-0.022784
4.944500	-0.029620
4.959000	-0.033834
4.973500	-0.033865
4.988000	-0.030873
5.002500	-0.027389
5.017000	-0.026290
5.031500	-0.028395
5.046000	-0.031900
5.060500	-0.032327
5.075000	-0.025451
5.089500	-0.010857
5.104000	0.008100
5.118500	0.024907
5.133000	0.032351
5.147500	0.024279
5.162000	0.002036
5.176500	-0.024183
5.191000	-0.045245
5.205500	-0.057281
5.220000	-0.060821
5.234500	-0.059136
5.249000	-0.054255
5.263500	-0.046539
5.278000	-0.038336
5.292500	-0.032380
5.307000	-0.028249
5.321500	-0.022510
5.336000	-0.008730
5.350500	0.013437
5.365000	0.031912
5.379500	0.036865
5.394000	0.028503
5.408500	0.010847
5.423000	-0.011153
5.437500	-0.031774
5.452000	-0.046781
5.466500	-0.053407
5.481000	-0.050404
5.495500	-0.041389
5.510000	-0.032363
5.524500	-0.027792
5.539000	-0.028824
5.553500	-0.031913
5.568000	-0.032291
5.582500	-0.027515
5.597000	-0.018028
5.611500	-0.006325
5.626000	0.003641
5.640500	0.008042
5.655000	0.007885
5.669500	0.007372
5.684000	0.006850
5.698500	0.004570
5.713000	0.002860
5.727500	0.004082
5.742000	0.004546
5.756500	-0.000686
5.771000	-0.013818
5.785500	-0.033194
5.800000	-0.052308
5.814500	-0.065142
5.829000	-0.069742
5.843500	-0.067903
5.858000	-0.063488
5.872500	-0.058583
5.887000	-0.052915
5.901500	-0.047543
5.916000	-0.044193
5.930500	-0.041334
5.945000	-0.036319
5.959500	-0.028740
5.974000	-0.020226
5.988500	-0.014471
6.003000	-0.014472
6.017500	-0.020084
6.032000	-0.028657
6.046500	-0.036668
6.061000	-0.043630
6.075500	-0.052255
6.090000	-0.063084
6.104500	-0.073489
6.119000	-0.078912
6.133500	-0.075766
6.148000	-0.066331
6.162500	-0.055775
6.177000	-0.047146
6.191500	-0.041208
6.206000	-0.037174
6.220500	-0.033290
6.235000	-0.027886
6.249500	-0.019854
6.264000	-0.008386
6.278500	0.006333
6.293000	0.022839
6.307500	0.037886
6.322000	0.047798
6.336500	0.051660
6.351000	0.050414
6.365500	0.043613
6.380000	0.031206
6.394500	0.016765
6.409000	0.005116
6.423500	0.000579
6.438000	0.006664
6.452500	0.025434
6.467000	0.053044
6.481500	0.079765
6.496000	0.096597
6.510500	0.098560
6.525000	0.088391
6.539500	0.074170
6.554000	0.062538
6.568500	0.056007
6.583000	0.051788
6.597500	0.045479
6.612000	0.036069
6.626500	0.025750
6.641000	0.018416
6.655500	0.016446
6.670000	0.018821
6.684500	0.021924
6.699000	0.021019
6.713500	0.012546
6.728000	-0.004636
6.742500	-0.026835
6.757000	-0.047139
6.771500	-0.058297
6.786000	-0.056164
6.800500	-0.044257
6.815000	-0.028930
6.829500	-0.012813
6.844000	0.002562
6.858500	0.013476
6.873000	0.018159
6.887500	0.018334
6.902000	0.014588
6.916500	0.005728
6.931000	-0.005616
6.945500	-0.014031
6.960000	-0.018963
6.974500	-0.023369
6.989000	-0.027295
7.003500	-0.028979
7.018000	-0.027652
7.032500	-0.023049
7.047000	-0.015291
7.061500	-0.005997
7.076000	0.001455
7.090500	0.005046
7.105000	0.005638
7.119500	0.005669
7.134000	0.007742
7.148500	0.011438
7.163000	0.013767
7.177500	0.014261
7.192000	0.014741
7.206500	0.015644
7.221000	0.016132
7.235500	0.014629
7.250000	0.010130
7.264500	0.004520
7.279000	0.000554
7.293500	-0.000557
7.308000	0.000381
7.322500	0.000832
7.337000	-0.000393
7.351500	-0.001749
7.366000	-0.000704
7.380500	0.004849
7.395000	0.015666
7.409500	0.030829
7.424000	0.047191
7.438500	0.060985
7.453000	0.069419
7.467500	0.070959
7.482000	0.065224
7.496500	0.053616
7.511000	0.039565
7.525500	0.026497
7.540000	0.016669
7.554500	0.010222
7.569000	0.005279
7.583500	-0.000579
7.598000	-0.008836
7.612500	-0.017141
7.627000	-0.021031
7.641500	-0.018659
7.656000	-0.010852
7.670500	0.000224
7.685000	0.011644
7.699500	0.020147
7.714000	0.024237
7.728500	0.025037
7.743000	0.023766
7.757500	0.020518
7.772000	0.016536
7.786500	0.014661
7.801000	0.017807
7.815500	0.028058
7.830000	0.044870
7.844500	0.065136
7.859000	0.083495
7.873500	0.094345
7.888000	0.093480
7.902500	0.080369
7.917000	0.060090
7.931500	0.038002
7.946000	0.015715
7.960500	-0.004998
7.975000	-0.020334
7.989500	-0.030810
8.004000	-0.041393
8.018500	-0.051769
8.033000	-0.056588
8.047500	-0.053234
8.062000	-0.042403
8.076500	-0.027471
8.091000	-0.012353
8.105500	0.003014
8.120000	0.020043
8.134500	0.036830
8.149000	0.050580
8.163500	0.059696
8.178000	0.064649
8.192500	0.068557
8.207000	0.072526
8.221500	0.074400
8.236000	0.077656
8.250500	0.090127
8.265000	0.110489
8.279500	0.130269
8.294000	0.141807
8.308500	0.140578
8.323000	0.128081
8.337500	0.110593
8.352000	0.095454
8.366500	0.085548
8.381000	0.076933
8.395500	0.063609
8.410000	0.041301
8.424500	0.012145
8.439000	-0.016112
8.453500	-0.039267
8.468000	-0.058086
8.482500	-0.073583
8.497000	-0.086220
8.511500	-0.095854
8.526000	-0.101934
8.540500	-0.105435
8.555000	-0.107715
8.569500	-0.108177
8.584000	-0.104782
8.598500	-0.094808
8.613000	-0.077900
8.627500	-0.057563
8.642000	-0.038351
8.656500	-0.023843
8.671000	-0.016112
8.685500	-0.015350
8.700000	-0.018368
8.714500	-0.020344
8.729000	-0.017087
8.743500	-0.007023
8.758000	0.006208
8.772500	0.017430
8.787000	0.024081
8.801500	0.026611
8.816000	0.027971
8.830500	0.029772
8.845000	0.030326
8.859500	0.029315
8.874000	0.028827
8.888500	0.027041
8.903000	0.019507
8.917500	0.007742
8.932000	-0.002245
8.946500	-0.003905
8.961000	0.006398
8.975500	0.024066
8.990000	0.040644
9.004500	0.049703
9.019000	0.048916
9.033500	0.040325
9.048000	0.027938
9.062500	0.015379
9.077000	0.006738
9.091500	0.006366
9.106000	0.013644
9.120500	0.024128
9.135000	0.036537
9.149500	0.051964
9.164000	0.069584
9.178500	0.087514
9.193000	0.103474
9.207500	0.114937
9.222000	0.120179
9.236500	0.120485
9.251000	0.120488
9.265500	0.122612
9.280000	0.125048
9.294500	0.127390
9.309000	0.131410
9.323500	0.133298
9.338000	0.125615
9.352500	0.106999
9.367000	0.081732
9.381500	0.057418
9.396000	0.040342
9.410500	0.028817
9.425000	0.018605
9.439500	0.010162
9.454000	0.004356
9.468500	-0.000756
9.483000	-0.005568
9.497500	-0.008339
9.512000	-0.009857
9.526500	-0.013408
9.541000	-0.023795
9.555500	-0.044861
9.570000	-0.070221
9.584500	-0.088023
9.599000	-0.092486
9.613500	-0.083327
9.628000	-0.062554
9.642500	-0.036187
9.657000	-0.014736
9.671500	-0.003030
9.686000	0.003996
9.700500	0.011433
9.715000	0.020002
9.729500	0.027116
9.744000	0.028243
9.758500	0.022707
9.773000	0.014029
9.787500	0.004846
9.802000	-0.003729
9.816500	-0.010676
9.831000	-0.016052
9.845500	-0.021459
9.860000	-0.028350
9.874500	-0.037602
9.889000	-0.048053
9.903500	-0.055362
9.918000	-0.056512
9.932500	-0.052009
9.947000	-0.044506
9.961500	-0.037631
9.976000	-0.034263
9.990500	-0.035334
10.005000	-0.039645
10.019500	-0.044702
10.034000	-0.046509
10.048500	-0.041644
10.063000	-0.029565
10.077500	-0.013739
10.092000	-0.002557
10.106500	-0.003147
10.121000	-0.017072
10.135500	-0.038452
10.150000	-0.055963
10.164500	-0.064950
10.179000	-0.069437
10.193500	-0.072182
10.208000	-0.072990
10.222500	-0.072297
10.237000	-0.070675
10.251500	-0.068682
10.266000	-0.065728
10.280500	-0.056465
10.295000	-0.037201
10.309500	-0.012605
10.324000	0.008836
10.338500	0.018805
10.353000	0.017387
10.367500	0.015125
10.382000	0.020584
10.396500	0.035240
10.411000	0.056014
10.425500	0.077883
10.440000	0.097392
10.454500	0.113332
10.469000	0.123685
10.483500	0.126562
10.498000	0.122917
10.512500	0.116111
10.527000	0.111291
10.541500	0.111624
10.556000	0.115907
10.570500	0.121588
10.585000	0.127014
10.599500	0.131405
10.614000	0.134558
10.628500	0.135573
10.643000	0.132901
10.657500	0.125937
10.672000	0.115007
10.686500	0.100345
10.701000	0.082343
10.715500	0.062099
10.730000	0.042068
10.744500	0.026847
10.759000	0.018652
10.773500	0.014795
10.788000	0.011626
10.802500	0.006741
10.817000	-0.000698
10.831500	-0.009522
10.846000	-0.015413
10.860500	-0.013657
10.875000	-0.004115
10.889500	0.009676
10.904000	0.022288
10.918500	0.030268
10.933000	0.036429
10.947500	0.044474
10.962000	0.053620
10.976500	0.059647
10.991000	0.056356
11.005500	0.041515
11.020000	0.019328
11.034500	-0.002488
11.049000	-0.016353
11.063500	-0.019446
11.078000	-0.014009
11.092500	-0.006001
11.107000	-0.001534
11.121500	-0.003448
11.136000	-0.010942
11.150500	-0.019749
11.165000	-0.024616
11.179500	-0.021325
11.194000	-0.010070
11.208500	0.003591
11.223000	0.012883
11.237500	0.012680
11.252000	0.002809
11.266500	-0.012211
11.281000	-0.025624
11.295500	-0.031719
11.310000	-0.029891
11.324500	-0.022366
11.339000	-0.009238
11.353500	0.008192
11.368000	0.022212
11.382500	0.026829
11.397000	0.023771
11.411500	0.016474
11.426000	0.006957
11.440500	-0.001359
11.455000	-0.004650
11.469500	-0.005265
11.484000	-0.009489
11.498500	-0.017643
11.513000	-0.025599
11.527500	-0.031767
11.542000	-0.036581
11.556500	-0.040697
11.571000	-0.045039
11.585500	-0.050080
11.600000	-0.055125
11.614500	-0.058487
11.629000	-0.058212
11.643500	-0.052656
11.658000	-0.042971
11.672500	-0.032886
11.687000	-0.024546
11.701500	-0.018331
11.716000	-0.016647
11.730500	-0.021943
11.745000	-0.030965
11.759500	-0.038028
11.774000	-0.039761
11.788500	-0.034844
11.803000	-0.023558
11.817500	-0.009077
11.832000	0.002579
11.846500	0.008475
11.861000	0.010901
11.875500	0.012025
11.890000	0.011835
11.904500	0.009781
11.919000	0.005172
11.933500	-0.002611
11.948000	-0.013082
11.962500	-0.023097
11.977000	-0.029117
11.991500	-0.030137
12.006000	-0.026775
12.020500	-0.019819
12.035000	-0.010019
12.049500	0.002032
12.064000	0.014695
12.078500	0.024622
12.093000	0.028236
12.107500	0.022923
12.122000	0.009344
12.136500	-0.008859
12.151000	-0.026909
12.165500	-0.040636
12.180000	-0.047699
12.194500	-0.048163
12.209000	-0.045009
12.223500	-0.040828
12.238000	-0.034628
12.252500	-0.025335
12.267000	-0.014508
12.281500	-0.003029
12.296000	0.010183
12.310500	0.025400
12.325000	0.041704
12.339500	0.058180
12.354000	0.073303
12.368500	0.082342
12.383000	0.080426
12.397500	0.068658
12.412000	0.052365
12.426500	0.038317
12.441000	0.030622
12.455500	0.026974
12.470000	0.023684
12.484500	0.020176
12.499000	0.016288
12.513500	0.011000
12.528000	0.005552
12.542500	0.002655
12.557000	0.000471
12.571500	-0.005263
12.586000	-0.011921
12.600500	-0.013314
12.615000	-0.008386
12.629500	0.000888
12.644000	0.013285
12.658500	0.027789
12.673000	0.043731
12.687500	0.059382
12.702000	0.069997
12.716500	0.070442
12.731000	0.057348
12.745500	0.032781
12.760000	0.004290
12.774500	-0.018581
12.789000	-0.028501
12.803500	-0.026388
12.818000	-0.018478
12.832500	-0.009613
12.847000	-0.001726
12.861500	0.006210
12.876000	0.015508
12.890500	0.024405
12.905000	0.030315
12.919500	0.032243
12.934000	0.031891
12.948500	0.033204
12.963000	0.035814
12.977500	0.034158
12.992000	0.025160
13.006500	0.009835
13.021000	-0.008737
13.035500	-0.026234
13.050000	-0.037475
13.064500	-0.039308
13.079000	-0.032674
13.093500	-0.021275
13.108000	-0.010730
13.122500	-0.003992
13.137000	0.001434
13.151500	0.008226
13.166000	0.016311
13.180500	0.023489
13.195000	0.026006
13.209500	0.019938
13.224000	0.003742
13.238500	-0.017375
13.253000	-0.035073
13.267500	-0.043767
13.282000	-0.042476
13.296500	-0.036123
13.311000	-0.030186
13.325500	-0.025333
13.340000	-0.020749
13.354500	-0.017090
13.369000	-0.014393
13.383500	-0.011777
13.398000	-0.009531
13.412500	-0.008857
13.427000	-0.011237
13.441500	-0.017731
13.456000	-0.025681
13.470500	-0.031146
13.485000	-0.034905
13.499500	-0.039349
13.514000	-0.043358
13.528500	-0.045311
13.543000	-0.045575
13.557500	-0.044520
13.572000	-0.042187
13.586500	-0.040028
13.601000	-0.040630
13.615500	-0.046553
13.630000	-0.059509
13.644500	-0.076766
13.659000	-0.092480
13.673500	-0.102219
13.688000	-0.103716
13.702500	-0.096274
13.717000	-0.081941
13.731500	-0.066658
13.746000	-0.053132
13.760500	-0.035414
13.775000	-0.010228
13.789500	0.016350
13.804000	0.038250
13.818500	0.053262
13.833000	0.059938
13.847500	0.057727
13.862000	0.048155
13.876500	0.033859
13.891000	0.020049
13.905500	0.012045
13.920000	0.010050
13.934500	0.011647
13.949000	0.015727
13.963500	0.021124
13.978000	0.025698
13.992500	0.028831
14.007000	0.031654
14.021500	0.033801
14.036000	0.033267
14.050500	0.030856
14.065000	0.030165
14.079500	0.034081
14.094000	0.043624
14.108500	0.056698
14.123000	0.069377
14.137500	0.078164
14.152000	0.081577
14.166500	0.081228
14.181000	0.079297
14.195500	0.075992
14.210000	0.070962
14.224500	0.064502
14.239000	0.056141
14.253500	0.044756
14.268000	0.032980
14.282500	0.026136
14.297000	0.024596
14.311500	0.024693
14.326000	0.024271
14.340500	0.022776
14.355000	0.020388
14.369500	0.017760
14.384000	0.014685
14.398500	0.010886
14.413000	0.007516
14.427500	0.005701
14.442000	0.005494
14.456500	0.005608
14.471000	0.003854
14.485500	0.001921
14.500000	0.004957
14.514500	0.013467
14.529000	0.022900
14.543500	0.026454
14.558000	0.019534
14.572500	0.006851
14.587000	-0.004016
14.601500	-0.012118
14.616000	-0.019625
14.630500	-0.027596
14.645000	-0.036781
14.659500	-0.047255
14.674000	-0.057237
14.688500	-0.064199
14.703000	-0.065924
14.717500	-0.061234
14.732000	-0.054509
14.746500	-0.052462
14.761000	-0.054399
14.775500	-0.055817
14.790000	-0.056504
14.804500	-0.057220
14.819000	-0.055643
14.833500	-0.050687
14.848000	-0.044671
14.862500	-0.041335
14.877000	-0.045138
14.891500	-0.054885
14.906000	-0.062488
14.920500	-0.062716
14.935000	-0.055739
14.949500	-0.044266
14.964000	-0.032526
14.978500	-0.025159
14.993000	-0.024261
15.007500	-0.027628
15.022000	-0.032375
15.036500	-0.038038
15.051000	-0.045017
15.065500	-0.053128
15.080000	-0.060120
15.094500	-0.061297
15.109000	-0.054934
15.123500	-0.043843
15.138000	-0.032165
15.152500	-0.023626
15.167000	-0.019963
15.181500	-0.020486
15.196000	-0.022988
15.210500	-0.026055
15.225000	-0.031489
15.239500	-0.040809
15.254000	-0.051001
15.268500	-0.057720
15.283000	-0.058167
15.297500	-0.053031
15.312000	-0.046941
15.326500	-0.043343
15.341000	-0.042372
15.355500	-0.044173
15.370000	-0.049408
15.384500	-0.056609
15.399000	-0.062297
15.413500	-0.059816
15.428000	-0.044195
15.442500	-0.020700
15.457000	0.002143
15.471500	0.021327
15.486000	0.036372
15.500500	0.046550
15.515000	0.053441
15.529500	0.060555
15.544000	0.069583
15.558500	0.080254
15.573000	0.090990
15.587500	0.099364
15.602000	0.104050
15.616500	0.104791
15.631000	0.100417
15.645500	0.090017
15.660000	0.074844
15.674500	0.056719
15.689000	0.036867
15.703500	0.016929
15.718000	-0.000726
15.732500	-0.014414
15.747000	-0.023257
15.761500	-0.025574
15.776000	-0.019388
15.790500	-0.007802
15.805000	0.002131
15.819500	0.005695
15.834000	0.001679
15.848500	-0.008135
15.863000	-0.020023
15.877500	-0.029735
15.892000	-0.034359
15.906500	-0.032972
15.921000	-0.027664
15.935500	-0.023780
15.950000	-0.021841
15.964500	-0.014966
15.979000	-0.002224
15.993500	0.009222
16.008000	0.018120
16.022500	0.028687
16.037000	0.038826
16.051500	0.043306
16.066000	0.041784
16.080500	0.036915
16.095000	0.033182
16.109500	0.034550
16.124000	0.040581
16.138500	0.048463
16.153000	0.055812
16.167500	0.061872
16.182000	0.067957
16.196500	0.074533
16.211000	0.079578
16.225500	0.080087
16.240000	0.073882
16.254500	0.061430
16.269000	0.045066
16.283500	0.027267
16.298000	0.010173
16.312500	-0.003822
16.327000	-0.012240
16.341500	-0.012532
16.356000	-0.005477
16.370500	0.002839
16.385000	0.007107
16.399500	0.005972
16.414000	0.000980
16.428500	-0.004661
16.443000	-0.008697
16.457500	-0.010828
16.472000	-0.011264
16.486500	-0.010942
16.501000	-0.014076
16.515500	-0.023252
16.530000	-0.032126
16.544500	-0.033197
16.559000	-0.025360
16.573500	-0.011073
16.588000	0.005645
16.602500	0.020128
16.617000	0.028683
16.631500	0.026912
16.646000	0.009928
16.660500	-0.019538
16.675000	-0.052129
16.689500	-0.078008
16.704000	-0.090968
16.718500	-0.094129
16.733000	-0.095709
16.747500	-0.101244
16.762000	-0.110196
16.776500	-0.114792
16.791000	-0.109084
16.805500	-0.095287
16.820000	-0.076906
16.834500	-0.054698
16.849000	-0.030969
16.863500	-0.009817
16.878000	0.006181
16.892500	0.015983
16.907000	0.020116
16.921500	0.020363
16.936000	0.017850
16.950500	0.013700
16.965000	0.011440
16.979500	0.012607
16.994000	0.012672
17.008500	0.008480
17.023000	0.002745
17.037500	0.000045
17.052000	0.004600
17.066500	0.015531
17.081000	0.026290
17.095500	0.031227
17.110000	0.028847
17.124500	0.023885
17.139000	0.022709
17.153500	0.024116
17.168000	0.022589
17.182500	0.015042
17.197000	0.001017
17.211500	-0.018056
17.226000	-0.038449
17.240500	-0.055013
17.255000	-0.064200
17.269500	-0.064573
17.284000	-0.056185
17.298500	-0.040621
17.313000	-0.022702
17.327500	-0.008391
17.342000	-0.000082
17.356500	0.002741
17.371000	0.000531
17.385500	-0.004781
17.400000	-0.006818
17.414500	-0.001319
17.429000	0.008499
17.443500	0.017941
17.458000	0.024797
17.472500	0.029662
17.487000	0.035825
17.501500	0.045352
17.516000	0.057243
17.530500	0.068607
17.545000	0.076247
17.559500	0.078256
17.574000	0.073928
17.588500	0.061794
17.603000	0.041065
17.617500	0.014460
17.632000	-0.012661
17.646500	-0.033270
17.661000	-0.043346
17.675500	-0.044509
17.690000	-0.041456
17.704500	-0.039273
17.719000	-0.039615
17.733500	-0.040446
17.748000	-0.039810
17.762500	-0.037407
17.777000	-0.035101
17.791500	-0.035095
17.806000	-0.036509
17.820500	-0.037079
17.835000	-0.036154
17.849500	-0.034986
17.864000	-0.036606
17.878500	-0.042255
17.893000	-0.049215
17.907500	-0.055039
17.922000	-0.059515
17.936500	-0.061901
17.951000	-0.061031
17.965500	-0.059155
17.980000	-0.059975
17.994500	-0.063331
18.009000	-0.066547
18.023500	-0.066868
18.038000	-0.062376
18.052500	-0.053214
18.067000	-0.040380
18.081500	-0.023997
18.096000	-0.007290
18.110500	0.001582
18.125000	-0.002027
18.139500	-0.016242
18.154000	-0.033979
18.168500	-0.045799
18.183000	-0.047630
18.197500	-0.042153
18.212000	-0.036279
18.226500	-0.036586
18.241000	-0.044337
18.255500	-0.055551
18.270000	-0.062321
18.284500	-0.059198
18.299000	-0.047446
18.313500	-0.030726
18.328000	-0.011921
18.342500	0.006084
18.357000	0.020782
18.371500	0.032605
18.386000	0.043915
18.400500	0.055426
18.415000	0.065958
18.429500	0.072621
18.444000	0.071988
18.458500	0.061701
18.473000	0.042116
18.487500	0.017683
18.502000	-0.006431
18.516500	-0.027100
18.531000	-0.042534
18.545500	-0.051471
18.560000	-0.054318
18.574500	-0.052797
18.589000	-0.047406
18.603500	-0.037206
18.618000	-0.020787
18.632500	0.002512
18.647000	0.029631
18.661500	0.054963
18.676000	0.072240
18.690500	0.078408
18.705000	0.077327
18.719500	0.074456
18.734000	0.071942
18.748500	0.069419
18.763000	0.065400
18.777500	0.062061
18.792000	0.065733
18.806500	0.076195
18.821000	0.085490
18.835500	0.083926
18.850000	0.065396
18.864500	0.036426
18.879000	0.010529
18.893500	-0.002707
18.908000	-0.001800
18.922500	0.004863
18.937000	0.007163
18.951500	0.000541
18.966000	-0.014747
18.980500	-0.035836
18.995000	-0.057408
19.009500	-0.073359
19.024000	-0.081440
19.038500	-0.082780
19.053000	-0.077702
19.067500	-0.066051
19.082000	-0.049583
19.096500	-0.031568
19.111000	-0.017328
19.125500	-0.010960
19.140000	-0.011497
19.154500	-0.015365
19.169000	-0.019032
19.183500	-0.021694
19.198000	-0.026165
19.212500	-0.032248
19.227000	-0.035041
19.241500	-0.033043
19.256000	-0.029295
19.270500	-0.027547
19.285000	-0.030582
19.299500	-0.037697
19.314000	-0.046068
19.328500	-0.054889
19.343000	-0.063920
19.357500	-0.070336
19.372000	-0.070316
19.386500	-0.060309
19.401000	-0.041912
19.415500	-0.023646
19.430000	-0.011255
19.444500	-0.004228
19.459000	-0.001760
19.473500	-0.003648
19.488000	-0.006450
19.502500	-0.006498
19.517000	-0.005450
19.531500	-0.006773
19.546000	-0.011336
19.560500	-0.018104
19.575000	-0.024308
19.589500	-0.026791
19.604000	-0.023668
19.618500	-0.014411
19.633000	0.000273
19.647500	0.014937
19.662000	0.020847
19.676500	0.016039
19.691000	0.005282
19.705500	-0.006265
19.720000	-0.014888
19.734500	-0.019542
19.749000	-0.020889
19.763500	-0.017640
19.778000	-0.008528
19.792500	0.004293
19.807000	0.016091
19.821500	0.020578
19.836000	0.016381
19.850500	0.009716
19.865000	0.006140
19.879500	0.006946
19.894000	0.011801
19.908500	0.019509
19.923000	0.027628
19.937500	0.034173
19.952000	0.038792
19.966500	0.041314
19.981000	0.040358
19.995500	0.035576
20.010000	0.029638
20.024500	0.025543
20.039000	0.024825
20.053500	0.028741
20.068000	0.038629
20.082500	0.053239
20.097000	0.068609
20.111500	0.079143
20.126000	0.079922
20.140500	0.072147
20.155000	0.061172
20.169500	0.051125
20.184000	0.044006
20.198500	0.040061
20.213000	0.038474
20.227500	0.038784
20.242000	0.039350
20.256500	0.035763
20.271000	0.025225
20.285500	0.008762
20.300000	-0.009071
20.314500	-0.021760
20.329000	-0.025648
20.343500	-0.021644
20.358000	-0.015550
20.372500	-0.013637
20.387000	-0.015577
20.401500	-0.017660
20.416000	-0.018812
20.430500	-0.019670
20.445000	-0.021096
20.459500	-0.024105
20.474000	-0.029124
20.488500	-0.035167
20.503000	-0.040459
20.517500	-0.044581
20.532000	-0.048320
20.546500	-0.050470
20.561000	-0.048649
20.575500	-0.043933
20.590000	-0.039181
20.604500	-0.034447
20.619000	-0.028261
20.633500	-0.019720
20.648000	-0.008048
20.662500	0.007414
20.677000	0.024232
20.691500	0.035964
20.706000	0.038828
20.720500	0.034138
20.735000	0.024986
20.749500	0.014565
20.764000	0.005456
20.778500	-0.001100
20.793000	-0.005007
20.807500	-0.006926
20.822000	-0.008743
20.836500	-0.011793
20.851000	-0.014543
20.865500	-0.016019
20.880000	-0.018875
20.894500	-0.023057
20.909000	-0.022541
20.923500	-0.015134
20.938000	-0.005450
20.952500	0.002813
20.967000	0.008434
20.981500	0.009610
20.996000	0.004934
21.010500	-0.004874
21.025000	-0.017446
21.039500	-0.027394
21.054000	-0.029312
21.068500	-0.021696
21.083000	-0.005281
21.097500	0.018838
21.112000	0.045428
21.126500	0.064189
21.141000	0.071474
21.155500	0.072995
21.170000	0.072371
21.184500	0.068760
21.199000	0.061792
21.213500	0.051618
21.228000	0.038563
21.242500	0.024073
21.257000	0.010493
21.271500	-0.001024
21.286000	-0.012089
21.300500	-0.024569
21.315000	-0.038169
21.329500	-0.050564
21.344000	-0.058239
21.358500	-0.059823
21.373000	-0.057007
21.387500	-0.051768
21.402000	-0.045688
21.416500	-0.042437
21.431000	-0.045548
21.445500	-0.051929
21.460000	-0.055147
21.474500	-0.051364
21.489000	-0.040660
21.503500	-0.028303
21.518000	-0.019870
21.532500	-0.016156
21.547000	-0.013350
21.561500	-0.004737
21.576000	0.012831
21.590500	0.036352
21.605000	0.059789
21.619500	0.076950
21.634000	0.083343
21.648500	0.077481
21.663000	0.062744
21.677500	0.045424
21.692000	0.033130
21.706500	0.029122
21.721000	0.025799
21.735500	0.015135
21.750000	-0.001864
21.764500	-0.019457
21.779000	-0.030811
21.793500	-0.033114
21.808000	-0.030253
21.822500	-0.030530
21.837000	-0.041955
21.851500	-0.064730
21.866000	-0.092393
21.880500	-0.116745
21.895000	-0.130919
21.909500	-0.130617
21.924000	-0.115955
21.938500	-0.093059
21.953000	-0.070121
21.967500	-0.054478
21.982000	-0.049944
21.996500	-0.055673
22.011000	-0.065397
22.025500	-0.069626
22.040000	-0.063770
22.054500	-0.049863
22.069000	-0.034938
22.083500	-0.027007
22.098000	-0.028674
22.112500	-0.037532
22.127000	-0.049258
22.141500	-0.060477
22.156000	-0.071011
22.170500	-0.081087
22.185000	-0.088139
22.199500	-0.089357
22.214000	-0.083687
22.228500	-0.073392
22.243000	-0.063671
22.257500	-0.057986
22.272000	-0.056348
22.286500	-0.055783
22.301000	-0.052678
22.315500	-0.046849
22.330000	-0.040664
22.344500	-0.036205
22.359000	-0.033396
22.373500	-0.028438
22.388000	-0.018479
22.402500	-0.005592
22.417000	0.006472
22.431500	0.014786
22.446000	0.018205
22.460500	0.017998
22.475000	0.018933
22.489500	0.026447
22.504000	0.038923
22.518500	0.049791
22.533000	0.054140
22.547500	0.049665
22.562000	0.036082
22.576500	0.016120
22.591000	-0.003950
22.605500	-0.017662
22.620000	-0.020200
22.634500	-0.012388
22.649000	-0.001627
22.663500	0.006895
22.678000	0.013096
22.692500	0.015905
22.707000	0.013070
22.721500	0.006130
22.736000	-0.001367
22.750500	-0.007119
22.765000	-0.009553
22.779500	-0.007462
22.794000	-0.001051
22.808500	0.007942
22.823000	0.017212
22.837500	0.024235
22.852000	0.026653
22.866500	0.022472
22.881000	0.011718
22.895500	-0.003268
22.910000	-0.019073
22.924500	-0.032084
22.939000	-0.037597
22.953500	-0.032504
22.968000	-0.021646
22.982500	-0.013181
22.997000	-0.011496
23.011500	-0.016713
23.026000	-0.024907
23.040500	-0.031909
23.055000	-0.036912
23.069500	-0.038985
23.084000	-0.034916
23.098500	-0.025280
23.113000	-0.015337
23.127500	-0.010278
23.142000	-0.012879
23.156500	-0.018543
23.171000	-0.019437
23.185500	-0.016574
23.200000	-0.014841
23.214500	-0.011718
23.229000	-0.003418
23.243500	0.008255
23.258000	0.021368
23.272500	0.036342
23.287000	0.051667
23.301500	0.063745
23.316000	0.069605
23.330500	0.067233
23.345000	0.057954
23.359500	0.046285
23.374000	0.037682
23.388500	0.036557
23.403000	0.044111
23.417500	0.058210
23.432000	0.074283
23.446500	0.087976
23.461000	0.096542
23.475500	0.099401
23.490000	0.098225
23.504500	0.095231
23.519000	0.091973
23.533500	0.088812
23.548000	0.085146
23.562500	0.081167
23.577000	0.078047
23.591500	0.076441
23.606000	0.075641
23.620500	0.072162
23.635000	0.062985
23.649500	0.050431
23.664000	0.038930
23.678500	0.031189
23.693000	0.025745
23.707500	0.015726
23.722000	-0.004472
23.736500	-0.034994
23.751000	-0.069150
23.765500	-0.096144
23.780000	-0.110384
23.794500	-0.113460
23.809000	-0.111735
23.823500	-0.112337
23.838000	-0.118438
23.852500	-0.128084
23.867000	-0.134048
23.881500	-0.130319
23.896000	-0.117570
23.910500	-0.098901
23.925000	-0.076140
23.939500	-0.050480
23.954000	-0.022781
23.968500	0.004701
23.983000	0.027543
23.997500	0.039812
24.012000	0.037041
24.026500	0.022935
24.041000	0.006018
24.055500	-0.007790
24.070000	-0.016312
24.084500	-0.020451
24.099000	-0.021821
24.113500	-0.019821
24.128000	-0.014070
24.142500	-0.006739
24.157000	0.000410
24.171500	0.007297
24.186000	0.013298
24.200500	0.017621
24.215000	0.023423
24.229500	0.034915
24.244000	0.048014
24.258500	0.055368
24.273000	0.057588
24.287500	0.059123
24.302000	0.061780
24.316500	0.064440
24.331000	0.062158
24.345500	0.051671
24.360000	0.036044
24.374500	0.019916
24.389000	0.006135
24.403500	-0.004821
24.418000	-0.014517
24.432500	-0.022638
24.447000	-0.026549
24.461500	-0.025492
24.476000	-0.020719
24.490500	-0.013286
24.505000	-0.003641
24.519500	0.008761
24.534000	0.022996
24.548500	0.033572
24.563000	0.035500
24.577500	0.027979
24.592000	0.011985
24.606500	-0.010822
24.621000	-0.034454
24.635500	-0.050700
24.650000	-0.058432
24.664500	-0.061702
24.679000	-0.060591
24.693500	-0.052892
24.708000	-0.039100
24.722500	-0.021514
24.737000	-0.004060
24.751500	0.009780
24.766000	0.019742
24.780500	0.028204
24.795000	0.038515
24.809500	0.049281
24.824000	0.053428
24.838500	0.049586
24.853000	0.044007
24.867500	0.042118
24.882000	0.046124
24.896500	0.054876
24.911000	0.065307
24.925500	0.076477
24.940000	0.088492
24.954500	0.098580
24.969000	0.102482
24.983500	0.096048
24.998000	0.078266
25.012500	0.053189
25.027000	0.028153
25.041500	0.010713
25.056000	0.001909
25.070500	-0.003295
25.085000	-0.008264
25.099500	-0.013253
25.114000	-0.017569
25.128500	-0.020806
25.143000	-0.025194
25.157500	-0.033407
25.172000	-0.044649
25.186500	-0.055316
25.201000	-0.060281
25.215500	-0.057837
25.230000	-0.052292
25.244500	-0.047658
25.259000	-0.044232
25.273500	-0.039458
25.288000	-0.029585
25.302500	-0.013514
25.317000	0.006255
25.331500	0.024194
25.346000	0.035334
25.360500	0.039699
25.375000	0.039451
25.389500	0.034573
25.404000	0.026272
25.418500	0.020137
25.433000	0.018833
25.447500	0.018739
25.462000	0.017074
25.476500	0.014270
25.491000	0.011410
25.505500	0.009443
25.520000	0.006415
25.534500	-0.001257
25.549000	-0.012202
25.563500	-0.022275
25.578000	-0.030278
25.592500	-0.036012
25.607000	-0.037555
25.621500	-0.035544
25.636000	-0.035436
25.650500	-0.039933
25.665000	-0.046017
25.679500	-0.050566
25.694000	-0.052115
25.708500	-0.049048
25.723000	-0.040488
25.737500	-0.029506
25.752000	-0.020311
25.766500	-0.011691
25.781000	-0.000247
25.795500	0.012911
25.810000	0.024308
25.824500	0.030944
25.839000	0.031469
25.853500	0.027344
25.868000	0.021563
25.882500	0.016923
25.897000	0.014848
25.911500	0.015218
25.926000	0.016544
25.940500	0.017361
25.955000	0.019781
25.969500	0.027335
25.984000	0.038938
25.998500	0.049959
26.013000	0.054241
26.027500	0.047950
26.042000	0.033863
26.056500	0.017857
26.071000	0.004983
26.085500	-0.002656
26.100000	-0.006395
26.114500	-0.007888
26.129000	-0.007278
26.143500	-0.004967
26.158000	-0.001956
26.172500	0.001959
26.187000	0.007637
26.201500	0.014828
26.216000	0.022062
26.230500	0.025929
26.245000	0.023421
26.259500	0.014796
26.274000	0.002256
26.288500	-0.011694
26.303000	-0.025231
26.317500	-0.037789
26.332000	-0.049334
26.346500	-0.059782
26.361000	-0.070400
26.375500	-0.082992
26.390000	-0.095198
26.404500	-0.102570
26.419000	-0.104681
26.433500	-0.103333
26.448000	-0.098751
26.462500	-0.091053
26.477000	-0.081529
26.491500	-0.071590
26.506000	-0.062788
26.520500	-0.055996
26.535000	-0.050651
26.549500	-0.046224
26.564000	-0.043180
26.578500	-0.044211
26.593000	-0.052393
26.607500	-0.063292
26.622000	-0.068208
26.636500	-0.064064
26.651000	-0.052715
26.665500	-0.037624
26.680000	-0.023112
26.694500	-0.013311
26.709000	-0.009106
26.723500	-0.007698
26.738000	-0.007810
26.752500	-0.011451
26.767000	-0.017841
26.781500	-0.022441
26.796000	-0.022597
26.810500	-0.018507
26.825000	-0.012065
26.839500	-0.005794
26.854000	-0.000722
26.868500	0.003615
26.883000	0.007827
26.897500	0.012871
26.912000	0.020608
26.926500	0.030114
26.941000	0.035692
26.955500	0.034247
26.970000	0.028095
26.984500	0.018360
26.999000	0.003756
27.013500	-0.013930
27.028000	-0.030489
27.042500	-0.042418
27.057000	-0.047688
27.071500	-0.047518
27.086000	-0.045402
27.100500	-0.044863
27.115000	-0.048251
27.129500	-0.056341
27.144000	-0.067003
27.158500	-0.075114
27.173000	-0.077914
27.187500	-0.076883
27.202000	-0.074286
27.216500	-0.071824
27.231000	-0.070589
27.245500	-0.070643
27.260000	-0.071257
27.274500	-0.071744
27.289000	-0.071924
27.303500	-0.071888
27.318000	-0.071660
27.332500	-0.071181
27.347000	-0.070484
27.361500	-0.069701
27.376000	-0.068925
27.390500	-0.068155
27.405000	-0.067359
27.419500	-0.066544
27.434000	-0.065744
27.448500	-0.064973
27.463000	-0.064220
27.477500	-0.063481
27.492000	-0.062769
27.506500	-0.062099
27.521000	-0.061472
27.535500	-0.060885
27.550000	-0.060338
27.564500	-0.059836
27.579000	-0.059380
27.593500	-0.058969
27.608000	-0.058600
27.622500	-0.058272
27.637000	-0.057984
27.651500	-0.057735
27.666000	-0.057522
27.680500	-0.057342
27.695000	-0.057193
27.709500	-0.057074
27.724000	-0.056981
27.738500	-0.056912
27.753000	-0.056865
27.767500	-0.056837
27.782000	-0.056826
27.796500	-0.056830
27.811000	-0.056847
27.825500	-0.056875
27.840000	-0.056911
27.854500	-0.056956
27.869000	-0.057006
27.883500	-0.057060
27.898000	-0.057118
27.912500	-0.057177
27.927000	-0.057238
27.941500	-0.057299
27.956000	-0.057360
27.970500	-0.057419
27.985000	-0.057476
27.999500	-0.057531
28.014000	-0.057584
28.028500	-0.057633
28.043000	-0.057680
28.057500	-0.057723
28.072000	-0.057763
28.086500	-0.057800
28.101000	-0.057833
28.115500	-0.057863
28.130000	-0.057889
28.144500	-0.057913
28.159000	-0.057933
28.173500	-0.057951
28.188000	-0.057966
28.202500	-0.057979
28.217000	-0.057989
28.231500	-0.057997
28.246000	-0.058003
28.260500	-0.058008
28.275000	-0.058010
28.289500	-0.058012
28.304000	-0.058012
28.318500	-0.058011
28.333000	-0.058010
28.347500	-0.058007
28.362000	-0.058004
28.376500	-0.058001
28.391000	-0.057997
28.405500	-0.057992
28.420000	-0.057988
28.434500	-0.057983
28.449000	-0.057979
28.463500	-0.057974
28.478000	-0.057969
28.492500	-0.057965
28.507000	-0.057961
28.521500	-0.057957
28.536000	-0.057953
28.550500	-0.057949
28.565000	-0.057946
28.579500	-0.057942
28.594000	-0.057940
28.608500	-0.057937
28.623000	-0.057934
28.637500	-0.057932
28.652000	-0.057930
28.666500	-0.057929
28.681000	-0.057927
28.695500	-0.057926
28.710000	-0.057925
28.724500	-0.057924
28.739000	-0.057923
28.753500	-0.057923
28.768000	-0.057922
28.782500	-0.057922
28.797000	-0.057922
28.811500	-0.057922
28.826000	-0.057922
28.840500	-0.057922
28.855000	-0.057922
28.869500	-0.057922
28.884000	-0.057923
28.898500	-0.057923
28.913000	-0.057923
28.927500	-0.057924
28.942000	-0.057924
28.956500	-0.057924
28.971000	-0.057925
28.985500	-0.057925
