0.000000	0.000000
0.014500	-0.143035
0.029000	-0.256517
0.043500	-0.314824
0.058000	-0.291950
0.072500	-0.217952
0.087000	-0.162028
0.101500	-0.134007
0.116000	-0.105900
0.130500	-0.068682
0.145000	-0.026788
0.159500	-0.004014
0.174000	-0.013429
0.188500	-0.019602
0.203000	0.004790
0.217500	0.054991
0.232000	0.110267
0.246500	0.135445
0.261000	0.118843
0.275500	0.067867
0.290000	0.006535
0.304500	-0.035842
0.319000	-0.060736
0.333500	-0.085061
0.348000	-0.105988
0.362500	-0.113810
0.377000	-0.104667
0.391500	-0.079770
0.406000	-0.040198
0.420500	0.006640
0.435000	0.036045
0.449500	0.044151
0.464000	0.059560
0.478500	0.093710
0.493000	0.136647
0.507500	0.164725
0.522000	0.149518
0.536500	0.098887
0.551000	0.038363
0.565500	-0.003799
0.580000	-0.011381
0.594500	0.002635
0.609000	0.021090
0.623500	0.041923
0.638000	0.058410
0.652500	0.033285
0.667000	-0.027022
0.681500	-0.045885
0.696000	-0.009229
0.710500	0.028662
0.725000	0.048018
0.739500	0.062962
0.754000	0.071691
0.768500	0.062265
0.783000	0.028873
0.797500	-0.025365
0.812000	-0.074260
0.826500	-0.096812
0.841000	-0.086731
0.855500	-0.051486
0.870000	-0.010836
0.884500	0.024134
0.899000	0.055776
0.913500	0.078646
0.928000	0.075291
0.942500	0.049227
0.957000	0.017632
0.971500	-0.002513
0.986000	-0.000886
1.000500	0.010455
1.015000	0.015596
1.029500	0.012209
1.044000	0.001164
1.058500	-0.030631
1.073000	-0.080235
1.087500	-0.104031
1.102000	-0.087701
1.116500	-0.059677
1.131000	-0.049131
1.145500	-0.079724
1.160000	-0.126494
1.174500	-0.138254
1.189000	-0.116585
1.203500	-0.089553
1.218000	-0.062624
1.232500	-0.032021
1.247000	-0.010595
1.261500	-0.009237
1.276000	-0.028466
1.290500	-0.057152
1.305000	-0.065346
1.319500	-0.039103
1.334000	0.020000
1.348500	0.089802
1.363000	0.133876
1.377500	0.140173
1.392000	0.114325
1.406500	0.073055
1.421000	0.031875
1.435500	-0.018184
1.450000	-0.085929
1.464500	-0.130806
1.479000	-0.124040
1.493500	-0.087945
1.508000	-0.047429
1.522500	-0.006947
1.537000	0.020891
1.551500	-0.002086
1.566000	-0.055082
1.580500	-0.063170
1.595000	-0.030630
1.609500	-0.014707
1.624000	-0.006922
1.638500	0.030638
1.653000	0.081173
1.667500	0.114380
1.682000	0.130501
1.696500	0.134979
1.711000	0.102763
1.725500	0.032896
1.740000	-0.020606
1.754500	-0.032985
1.769000	-0.022217
1.783500	-0.008652
1.798000	-0.005339
1.812500	-0.003762
1.827000	0.015477
1.841500	0.048060
1.856000	0.079618
1.870500	0.107737
1.885000	0.134473
1.899500	0.152465
1.914000	0.156438
1.928500	0.148006
1.943000	0.124696
1.957500	0.062299
1.972000	-0.023848
1.986500	-0.062951
2.001000	-0.051750
2.015500	-0.049395
2.030000	-0.067850
2.044500	-0.082207
2.059000	-0.082400
2.073500	-0.070218
2.088000	-0.043542
2.102500	-0.003270
2.117000	0.024720
2.131500	0.022718
2.146000	-0.002393
2.160500	-0.031862
2.175000	-0.032329
2.189500	-0.001136
2.204000	0.029187
2.218500	0.037475
2.233000	0.016886
2.247500	-0.007887
2.262000	-0.000465
2.276500	0.026381
2.291000	0.042890
2.305500	0.062079
2.320000	0.100204
2.334500	0.114939
2.349000	0.079384
2.363500	0.033860
2.378000	-0.000305
2.392500	-0.066680
2.407000	-0.159341
2.421500	-0.195517
2.436000	-0.147347
2.450500	-0.037733
2.465000	0.065526
2.479500	0.088905
2.494000	0.056904
2.508500	0.029184
2.523000	0.008354
2.537500	-0.021994
2.552000	-0.056998
2.566500	-0.084936
2.581000	-0.087123
2.595500	-0.065296
2.610000	-0.052945
2.624500	-0.047155
2.639000	0.007540
2.653500	0.085131
2.668000	0.089569
2.682500	0.036228
2.697000	0.005699
2.711500	0.005727
2.726000	0.006621
2.740500	0.002511
2.755000	-0.000732
2.769500	0.001120
2.784000	0.009323
2.798500	0.026326
2.813000	0.046500
2.827500	0.046784
2.842000	0.022225
2.856500	-0.012215
2.871000	-0.040731
2.885500	-0.050568
2.900000	-0.042825
2.914500	-0.025972
2.929000	-0.011189
2.943500	-0.006353
2.958000	-0.008188
2.972500	-0.013806
2.987000	-0.044989
3.001500	-0.106892
3.016000	-0.152376
3.030500	-0.154843
3.045000	-0.125318
3.059500	-0.077714
3.074000	-0.015421
3.088500	0.042965
3.103000	0.066680
3.117500	0.054185
3.132000	0.021206
3.146500	-0.022090
3.161000	-0.069210
3.175500	-0.090927
3.190000	-0.068625
3.204500	-0.026476
3.219000	0.009008
3.233500	0.025359
3.248000	0.026946
3.262500	0.036006
3.277000	0.064301
3.291500	0.112598
3.306000	0.166484
3.320500	0.202934
3.335000	0.199023
3.349500	0.138917
3.364000	0.055985
3.378500	-0.006411
3.393000	-0.029615
3.407500	-0.014386
3.422000	0.030613
3.436500	0.089873
3.451000	0.132611
3.465500	0.145120
3.480000	0.134654
3.494500	0.115636
3.509000	0.103865
3.523500	0.099061
3.538000	0.089206
3.552500	0.074775
3.567000	0.062990
3.581500	0.045059
3.596000	0.011462
3.610500	-0.011758
3.625000	-0.004684
3.639500	0.001697
3.654000	-0.013278
3.668500	-0.020463
3.683000	-0.002279
3.697500	0.030676
3.712000	0.058948
3.726500	0.058730
3.741000	0.037580
3.755500	0.023449
3.770000	0.015318
3.784500	-0.003491
3.799000	-0.024478
3.813500	-0.031039
3.828000	-0.012528
3.842500	0.030283
3.857000	0.077963
3.871500	0.118639
3.886000	0.163936
3.900500	0.207357
3.915000	0.199808
3.929500	0.139294
3.944000	0.072518
3.958500	0.019995
3.973000	-0.024773
3.987500	-0.057444
4.002000	-0.067609
4.016500	-0.062836
4.031000	-0.055618
4.045500	-0.043819
4.060000	-0.024985
4.074500	-0.016256
4.089000	-0.021358
4.103500	-0.002839
4.118000	0.044669
4.132500	0.069392
4.147000	0.052000
4.161500	0.010984
4.176000	-0.019623
4.190500	-0.004318
4.205000	0.035979
4.219500	0.056866
4.234000	0.038373
4.248500	-0.017384
4.263000	-0.076962
4.277500	-0.109037
4.292000	-0.086492
4.306500	-0.016610
4.321000	0.033233
4.335500	0.027174
4.350000	-0.025430
4.364500	-0.089991
4.379000	-0.118022
4.393500	-0.100538
4.408000	-0.056056
4.422500	-0.011351
4.437000	0.012165
4.451500	0.019749
4.466000	0.025461
4.480500	0.034996
4.495000	0.049702
4.509500	0.073743
4.524000	0.103067
4.538500	0.112160
4.553000	0.094137
4.567500	0.067972
4.582000	0.036633
4.596500	-0.019199
4.611000	-0.071774
4.625500	-0.063937
4.640000	-0.019695
4.654500	0.002385
4.669000	-0.002851
4.683500	-0.014259
4.698000	-0.003095
4.712500	0.040863
4.727000	0.084686
4.741500	0.106668
4.756000	0.119320
4.770500	0.122968
4.785000	0.083934
4.799500	0.006342
4.814000	-0.068949
4.828500	-0.108646
4.843000	-0.093169
4.857500	-0.052022
4.872000	-0.028462
4.886500	-0.023940
4.901000	-0.023990
4.915500	-0.031567
4.930000	-0.048240
4.944500	-0.049758
4.959000	-0.025667
4.973500	0.002023
4.988000	0.014887
5.002500	0.003667
5.017000	-0.022511
5.031500	-0.041751
5.046000	-0.036647
5.060500	0.003912
5.075000	0.062543
5.089500	0.112268
5.104000	0.126904
5.118500	0.092733
5.133000	0.007221
5.147500	-0.110695
5.162000	-0.183863
5.176500	-0.176415
5.191000	-0.125630
5.205500	-0.071098
5.220000	-0.035480
5.234500	-0.016054
5.249000	0.007491
5.263500	0.027931
5.278000	0.020721
5.292500	0.000074
5.307000	-0.003728
5.321500	0.036395
5.336000	0.121905
5.350500	0.156717
5.365000	0.082594
5.379500	-0.023936
5.394000	-0.096943
5.408500	-0.135788
5.423000	-0.151136
5.437500	-0.140866
5.452000	-0.103936
5.466500	-0.039233
5.481000	0.023474
5.495500	0.041784
5.510000	0.017981
5.524500	-0.022895
5.539000	-0.048442
5.553500	-0.039567
5.568000	-0.008154
5.582500	0.027672
5.597000	0.054024
5.611500	0.062288
5.626000	0.039861
5.640500	-0.000654
5.655000	-0.015252
5.669500	-0.004320
5.684000	-0.009136
5.698500	-0.022885
5.713000	-0.008179
5.727500	0.010642
5.742000	-0.011424
5.756500	-0.068989
5.771000	-0.134362
5.785500	-0.163309
5.800000	-0.137305
5.814500	-0.086909
5.829000	-0.042344
5.843500	-0.019613
5.858000	-0.015013
5.872500	-0.008224
5.887000	0.000532
5.901500	-0.008819
5.916000	-0.024117
5.930500	-0.015509
5.945000	0.010306
5.959500	0.030411
5.974000	0.025938
5.988500	-0.008263
6.003000	-0.050194
6.017500	-0.079460
6.032000	-0.086351
6.046500	-0.078037
6.061000	-0.084904
6.075500	-0.111119
6.090000	-0.126440
6.104500	-0.111795
6.119000	-0.060665
6.133500	-0.002486
6.148000	0.020343
6.162500	0.011904
6.177000	-0.003194
6.191500	-0.013109
6.206000	-0.015277
6.220500	-0.008295
6.235000	0.007791
6.249500	0.034015
6.264000	0.066527
6.278500	0.093352
6.293000	0.104069
6.307500	0.086950
6.322000	0.051036
6.336500	0.019263
6.351000	-0.009673
6.365500	-0.051031
6.380000	-0.086146
6.394500	-0.087913
6.409000	-0.053013
6.423500	0.009461
6.438000	0.093239
6.452500	0.183084
6.467000	0.224070
6.481500	0.192919
6.496000	0.107674
6.510500	0.010008
6.525000	-0.041288
6.539500	-0.037117
6.554000	-0.005791
6.568500	0.018532
6.583000	0.009884
6.597500	-0.017335
6.612000	-0.035686
6.626500	-0.029913
6.641000	0.000589
6.655500	0.034188
6.670000	0.051494
6.684500	0.037938
6.699000	-0.006456
6.713500	-0.070580
6.728000	-0.131362
6.742500	-0.152025
6.757000	-0.120340
6.771500	-0.041392
6.786000	0.042863
6.800500	0.082552
6.815000	0.090053
6.829500	0.098577
6.844000	0.093868
6.858500	0.058179
6.873000	0.018065
6.887500	-0.006099
6.902000	-0.033557
6.916500	-0.068640
6.931000	-0.072927
6.945500	-0.045549
6.960000	-0.032458
6.974500	-0.039740
6.989000	-0.037186
7.003500	-0.017955
7.018000	0.007522
7.032500	0.031373
7.047000	0.049465
7.061500	0.051042
7.076000	0.031477
7.090500	0.008077
7.105000	-0.003332
7.119500	0.005520
7.134000	0.026437
7.148500	0.028863
7.163000	0.010991
7.177500	0.003964
7.192000	0.012464
7.206500	0.017562
7.221000	0.008615
7.235500	-0.015331
7.250000	-0.034533
7.264500	-0.029864
7.279000	-0.010557
7.293500	0.007144
7.308000	0.009538
7.322500	-0.004020
7.337000	-0.012105
7.351500	-0.002058
7.366000	0.025032
7.380500	0.062125
7.395000	0.100731
7.409500	0.128448
7.424000	0.130805
7.438500	0.108541
7.453000	0.070419
7.467500	0.024794
7.482000	-0.021671
7.496500	-0.053515
7.511000	-0.061240
7.525500	-0.048992
7.540000	-0.027589
7.554500	-0.014679
7.569000	-0.018515
7.583500	-0.037689
7.598000	-0.056019
7.612500	-0.043079
7.627000	-0.002186
7.641500	0.039909
7.656000	0.069152
7.670500	0.083048
7.685000	0.078350
7.699500	0.054774
7.714000	0.028874
7.728500	0.013866
7.743000	0.002466
7.757500	-0.010144
7.772000	-0.008269
7.786500	0.016671
7.801000	0.063772
7.815500	0.119853
7.830000	0.162863
7.844500	0.176918
7.859000	0.151445
7.873500	0.090100
7.888000	0.004258
7.902500	-0.068639
7.917000	-0.098451
7.931500	-0.106389
7.946000	-0.116662
7.960500	-0.107619
7.975000	-0.072356
7.989500	-0.060347
8.004000	-0.081547
8.018500	-0.075074
8.033000	-0.023862
8.047500	0.037910
8.062000	0.080950
8.076500	0.089543
8.091000	0.087259
8.105500	0.107893
8.120000	0.131366
8.134500	0.126379
8.149000	0.099557
8.163500	0.070112
8.178000	0.060910
8.192500	0.073545
8.207000	0.070437
8.221500	0.053569
8.236000	0.095216
8.250500	0.185651
8.265000	0.228780
8.279500	0.196214
8.294000	0.115653
8.308500	0.032190
8.323000	-0.016960
8.337500	-0.022562
8.352000	0.005288
8.366500	0.025058
8.381000	0.005959
8.395500	-0.053233
8.410000	-0.129677
8.424500	-0.164031
8.439000	-0.143991
8.453500	-0.119551
8.468000	-0.113180
8.482500	-0.110987
8.497000	-0.102154
8.511500	-0.083638
8.526000	-0.067138
8.540500	-0.066231
8.555000	-0.067321
8.569500	-0.052065
8.584000	-0.014052
8.598500	0.040312
8.613000	0.081221
8.627500	0.091672
8.642000	0.075488
8.656500	0.042233
8.671000	-0.001410
8.685500	-0.039921
8.700000	-0.048528
8.714500	-0.022641
8.729000	0.028461
8.743500	0.072141
8.758000	0.076473
8.772500	0.052152
8.787000	0.023983
8.801500	0.012123
8.816000	0.020504
8.830500	0.022039
8.845000	0.005611
8.859500	0.001344
8.874000	0.011084
8.888500	-0.012315
8.903000	-0.062995
8.917500	-0.081523
8.932000	-0.044441
8.946500	0.040184
8.961000	0.119524
8.975500	0.139117
8.990000	0.104555
9.004500	0.045454
9.019000	-0.010421
9.033500	-0.048133
9.048000	-0.065209
9.062500	-0.060849
9.077000	-0.019719
9.091500	0.045480
9.106000	0.084960
9.120500	0.094760
9.135000	0.114458
9.149500	0.147619
9.164000	0.170705
9.178500	0.173030
9.193000	0.155388
9.207500	0.124852
9.222000	0.090888
9.236500	0.077868
9.251000	0.095157
9.265500	0.110357
9.280000	0.107416
9.294500	0.115029
9.309000	0.129698
9.323500	0.092161
9.338000	0.005436
9.352500	-0.070136
9.367000	-0.096652
9.381500	-0.062893
9.396000	-0.016591
9.410500	-0.012688
9.425000	-0.023794
9.439500	-0.009193
9.454000	0.007261
9.468500	0.001571
9.483000	-0.002834
9.497500	0.007512
9.512000	0.007970
9.526500	-0.022986
9.541000	-0.101923
9.555500	-0.184808
9.570000	-0.180592
9.584500	-0.097939
9.599000	-0.004727
9.613500	0.072619
9.628000	0.134747
9.642500	0.148780
9.657000	0.095288
9.671500	0.041266
9.686000	0.038286
9.700500	0.059944
9.715000	0.070282
9.729500	0.042177
9.744000	-0.013578
9.758500	-0.048059
9.773000	-0.051742
9.787500	-0.050580
9.802000	-0.051649
9.816500	-0.046752
9.831000	-0.041969
9.845500	-0.048358
9.860000	-0.067687
9.874500	-0.093085
9.889000	-0.094296
9.903500	-0.057958
9.918000	-0.013424
9.932500	0.014841
9.947000	0.018954
9.961500	0.003119
9.976000	-0.023429
9.990500	-0.050303
10.005000	-0.067538
10.019500	-0.062908
10.034000	-0.025786
10.048500	0.028937
10.063000	0.077261
10.077500	0.080220
10.092000	0.018169
10.106500	-0.076207
10.121000	-0.159699
10.135500	-0.174194
10.150000	-0.118516
10.164500	-0.074411
10.179000	-0.072175
10.193500	-0.070920
10.208000	-0.055529
10.222500	-0.041878
10.237000	-0.038833
10.251500	-0.045153
10.266000	-0.025832
10.280500	0.049534
10.295000	0.124581
10.309500	0.139816
10.324000	0.086015
10.338500	-0.005892
10.353000	-0.043845
10.367500	0.004271
10.382000	0.079115
10.396500	0.135835
10.411000	0.162467
10.425500	0.166678
10.440000	0.163490
10.454500	0.148496
10.469000	0.107936
10.483500	0.059335
10.498000	0.028286
10.512500	0.030420
10.527000	0.065083
10.541500	0.101791
10.556000	0.119275
10.570500	0.123914
10.585000	0.124819
10.599500	0.123918
10.614000	0.118167
10.628500	0.099205
10.643000	0.069938
10.657500	0.040923
10.672000	0.013535
10.686500	-0.016452
10.701000	-0.045188
10.715500	-0.065251
10.730000	-0.058046
10.744500	-0.017139
10.759000	0.020155
10.773500	0.027272
10.788000	0.012607
10.802500	-0.009127
10.817000	-0.027585
10.831500	-0.030087
10.846000	0.004209
10.860500	0.062341
10.875000	0.108293
10.889500	0.120574
10.904000	0.094228
10.918500	0.068069
10.933000	0.080791
10.947500	0.105836
10.962000	0.105839
10.976500	0.059299
10.991000	-0.026189
11.005500	-0.099482
11.020000	-0.127814
11.034500	-0.101340
11.049000	-0.038197
11.063500	0.025616
11.078000	0.062512
11.092500	0.055009
11.107000	0.015351
11.121500	-0.031551
11.136000	-0.059139
11.150500	-0.051229
11.165000	-0.008702
11.179500	0.054270
11.194000	0.094991
11.208500	0.088409
11.223000	0.037347
11.237500	-0.035630
11.252000	-0.090334
11.266500	-0.105283
11.281000	-0.074003
11.295500	-0.019055
11.310000	0.023556
11.324500	0.057020
11.339000	0.102354
11.353500	0.121142
11.368000	0.072459
11.382500	0.003713
11.397000	-0.033690
11.411500	-0.047898
11.426000	-0.054181
11.440500	-0.037867
11.455000	-0.006071
11.469500	-0.010424
11.484000	-0.050914
11.498500	-0.070918
11.513000	-0.060226
11.527500	-0.047657
11.542000	-0.045847
11.556500	-0.052832
11.571000	-0.061650
11.585500	-0.066286
11.600000	-0.062560
11.614500	-0.048472
11.629000	-0.019419
11.643500	0.019404
11.658000	0.039230
11.672500	0.031965
11.687000	0.019551
11.701500	0.004991
11.716000	-0.034750
11.730500	-0.081954
11.745000	-0.091214
11.759500	-0.061265
11.774000	-0.015576
11.788500	0.030149
11.803000	0.067482
11.817500	0.074317
11.832000	0.043023
11.846500	0.011245
11.861000	0.003165
11.875500	0.001549
11.890000	-0.008154
11.904500	-0.026105
11.919000	-0.048657
11.933500	-0.072282
11.948000	-0.085315
11.962500	-0.071840
11.977000	-0.040296
11.991500	-0.009031
12.006000	0.016887
12.020500	0.039727
12.035000	0.061509
12.049500	0.080648
12.064000	0.080495
12.078500	0.052583
12.093000	-0.000590
12.107500	-0.064707
12.122000	-0.113099
12.136500	-0.132921
12.151000	-0.122215
12.165500	-0.089516
12.180000	-0.046639
12.194500	-0.012712
12.209000	-0.002994
12.223500	0.002424
12.238000	0.026179
12.252500	0.050840
12.267000	0.059391
12.281500	0.068683
12.296000	0.090570
12.310500	0.113173
12.325000	0.127416
12.339500	0.132792
12.354000	0.119387
12.368500	0.063676
12.383000	-0.013800
12.397500	-0.067055
12.412000	-0.074693
12.426500	-0.037951
12.441000	0.000993
12.455500	0.005279
12.470000	-0.004860
12.484500	-0.005225
12.499000	-0.008247
12.513500	-0.020472
12.528000	-0.017567
12.542500	-0.000514
12.557000	-0.012557
12.571500	-0.044222
12.586000	-0.033106
12.600500	0.017496
12.615000	0.059790
12.629500	0.082936
12.644000	0.099599
12.658500	0.118490
12.673000	0.139339
12.687500	0.132972
12.702000	0.081237
12.716500	-0.005688
12.731000	-0.102359
12.745500	-0.162389
12.760000	-0.163644
12.774500	-0.102156
12.789000	-0.012802
12.803500	0.044029
12.818000	0.058036
12.832500	0.053419
12.847000	0.052970
12.861500	0.068522
12.876000	0.080356
12.890500	0.068184
12.905000	0.041971
12.919500	0.019352
12.934000	0.022375
12.948500	0.046603
12.963000	0.038784
12.977500	-0.013987
12.992000	-0.071081
13.006500	-0.107257
13.021000	-0.118159
13.035500	-0.101130
13.050000	-0.052404
13.064500	0.009030
13.079000	0.058200
13.093500	0.073176
13.108000	0.049369
13.122500	0.028496
13.137000	0.039523
13.151500	0.060272
13.166000	0.066887
13.180500	0.046767
13.195000	-0.000249
13.209500	-0.069840
13.224000	-0.133767
13.238500	-0.144948
13.253000	-0.102355
13.267500	-0.033824
13.282000	0.018507
13.296500	0.024035
13.311000	0.010337
13.325500	0.011576
13.340000	0.016036
13.354500	0.008937
13.369000	0.002020
13.383500	0.002815
13.398000	0.000840
13.412500	-0.012775
13.427000	-0.043174
13.441500	-0.072805
13.456000	-0.067667
13.470500	-0.044642
13.485000	-0.046515
13.499500	-0.060773
13.514000	-0.055002
13.528500	-0.037150
13.543000	-0.025679
13.557500	-0.020498
13.572000	-0.018083
13.586500	-0.027026
13.601000	-0.053684
13.615500	-0.102660
13.630000	-0.157123
13.644500	-0.174649
13.659000	-0.148751
13.673500	-0.101383
13.688000	-0.047252
13.702500	0.008171
13.717000	0.041053
13.731500	0.032697
13.746000	0.038238
13.760500	0.102663
13.775000	0.158755
13.789500	0.152473
13.804000	0.112534
13.818500	0.069919
13.833000	0.024108
13.847500	-0.025668
13.862000	-0.072149
13.876500	-0.096404
13.891000	-0.071561
13.905500	-0.020947
13.920000	0.010129
13.934500	0.022327
13.949000	0.035716
13.963500	0.044690
13.978000	0.039882
13.992500	0.033373
14.007000	0.033703
14.021500	0.025638
14.036000	0.006624
14.050500	0.004526
14.065000	0.030033
14.079500	0.073098
14.094000	0.113591
14.108500	0.128511
14.123000	0.115843
14.137500	0.085975
14.152000	0.058075
14.166500	0.046732
14.181000	0.041358
14.195500	0.028943
14.210000	0.014998
14.224500	0.004120
14.239000	-0.015259
14.253500	-0.039116
14.268000	-0.028414
14.282500	0.014668
14.297000	0.039635
14.311500	0.034399
14.326000	0.021538
14.340500	0.014153
14.355000	0.013871
14.369500	0.012068
14.384000	0.001030
14.398500	-0.006325
14.413000	0.001486
14.427500	0.014974
14.442000	0.022010
14.456500	0.011523
14.471000	-0.006912
14.485500	0.010423
14.500000	0.061184
14.514500	0.091253
14.529000	0.072489
14.543500	0.002776
14.558000	-0.066300
14.572500	-0.071885
14.587000	-0.044494
14.601500	-0.040603
14.616000	-0.056356
14.630500	-0.070517
14.645000	-0.080499
14.659500	-0.087780
14.674000	-0.084393
14.688500	-0.064533
14.703000	-0.023425
14.717500	0.016267
14.732000	0.001987
14.746500	-0.046652
14.761000	-0.059680
14.775500	-0.042178
14.790000	-0.039320
14.804500	-0.041925
14.819000	-0.023542
14.833500	-0.000739
14.848000	0.001565
14.862500	-0.035595
14.877000	-0.100740
14.891500	-0.120765
14.906000	-0.073339
14.920500	-0.013131
14.935000	0.024471
14.949500	0.036299
14.964000	0.025083
14.978500	-0.008398
14.993000	-0.045728
15.007500	-0.064474
15.022000	-0.070559
15.036500	-0.079318
15.051000	-0.092272
15.065500	-0.102119
15.080000	-0.082213
15.094500	-0.027240
15.109000	0.021879
15.123500	0.040088
15.138000	0.029172
15.152500	0.002283
15.167000	-0.024807
15.181500	-0.042861
15.196000	-0.048589
15.210500	-0.056923
15.225000	-0.086108
15.239500	-0.112126
15.254000	-0.105082
15.268500	-0.068753
15.283000	-0.022072
15.297500	0.000419
15.312000	-0.012993
15.326500	-0.033483
15.341000	-0.045793
15.355500	-0.065093
15.370000	-0.090791
15.384500	-0.101146
15.399000	-0.072356
15.413500	0.015864
15.428000	0.109026
15.442500	0.133669
15.457000	0.112321
15.471500	0.095901
15.486000	0.083770
15.500500	0.064469
15.515000	0.056519
15.529500	0.071256
15.544000	0.095897
15.558500	0.114701
15.573000	0.112555
15.587500	0.092661
15.602000	0.072260
15.616500	0.050539
15.631000	0.013353
15.645500	-0.030268
15.660000	-0.062036
15.674500	-0.081454
15.689000	-0.094994
15.703500	-0.097919
15.718000	-0.086139
15.732500	-0.063276
15.747000	-0.031780
15.761500	0.017943
15.776000	0.074145
15.790500	0.089080
15.805000	0.055033
15.819500	0.001296
15.834000	-0.046747
15.848500	-0.074468
15.863000	-0.077225
15.877500	-0.056535
15.892000	-0.021130
15.906500	0.016903
15.921000	0.026511
15.935500	-0.000384
15.950000	0.004621
15.964500	0.065695
15.979000	0.095027
15.993500	0.066764
16.008000	0.060059
16.022500	0.086311
16.037000	0.078411
16.051500	0.031622
16.066000	-0.010601
16.080500	-0.018305
16.095000	0.017253
16.109500	0.061769
16.124000	0.080912
16.138500	0.080374
16.153000	0.076578
16.167500	0.081222
16.182000	0.093678
16.196500	0.094311
16.211000	0.073729
16.225500	0.034257
16.240000	-0.012594
16.254500	-0.050471
16.269000	-0.073640
16.283500	-0.083852
16.298000	-0.079518
16.312500	-0.057714
16.327000	-0.015425
16.341500	0.043103
16.356000	0.076202
16.370500	0.059233
16.385000	0.019249
16.399500	-0.014818
16.414000	-0.027813
16.428500	-0.021950
16.443000	-0.012735
16.457500	-0.005924
16.472000	0.003206
16.486500	-0.001668
16.501000	-0.046253
16.515500	-0.083879
16.530000	-0.052390
16.544500	0.018771
16.559000	0.077148
16.573500	0.105065
16.588000	0.105426
16.602500	0.084507
16.617000	0.041649
16.631500	-0.048882
16.646000	-0.168244
16.660500	-0.237666
16.675000	-0.228766
16.689500	-0.158149
16.704000	-0.080703
16.718500	-0.057849
16.733000	-0.084801
16.747500	-0.124648
16.762000	-0.126542
16.776500	-0.065122
16.791000	0.005762
16.805500	0.042354
16.820000	0.069007
16.834500	0.102721
16.849000	0.115251
16.863500	0.095755
16.878000	0.059353
16.892500	0.023225
16.907000	0.000121
16.921500	-0.014179
16.936000	-0.031341
16.950500	-0.035593
16.965000	-0.007923
16.979500	0.010939
16.994000	-0.016200
17.008500	-0.048413
17.023000	-0.044489
17.037500	0.000711
17.052000	0.064007
17.066500	0.088431
17.081000	0.059506
17.095500	0.008898
17.110000	-0.025617
17.124500	-0.009738
17.139000	0.025854
17.153500	0.020817
17.168000	-0.022101
17.182500	-0.071429
17.197000	-0.112823
17.211500	-0.142199
17.226000	-0.144488
17.240500	-0.113796
17.255000	-0.061418
17.269500	-0.001515
17.284000	0.054607
17.298500	0.093450
17.313000	0.091964
17.327500	0.058207
17.342000	0.022219
17.356500	-0.007653
17.371000	-0.037935
17.385500	-0.042860
17.400000	0.003995
17.414500	0.057727
17.429000	0.071396
17.443500	0.056025
17.458000	0.038074
17.472500	0.043278
17.487000	0.073895
17.501500	0.102272
17.516000	0.111773
17.530500	0.100210
17.545000	0.073253
17.559500	0.038271
17.574000	-0.007723
17.588500	-0.072239
17.603000	-0.134673
17.617500	-0.168743
17.632000	-0.156641
17.646500	-0.099342
17.661000	-0.035840
17.675500	0.002500
17.690000	0.005808
17.704500	-0.014712
17.719000	-0.027123
17.733500	-0.020198
17.748000	-0.006713
17.762500	-0.001011
17.777000	-0.014462
17.791500	-0.033192
17.806000	-0.033597
17.820500	-0.021155
17.835000	-0.012990
17.849500	-0.024281
17.864000	-0.057370
17.878500	-0.081498
17.893000	-0.078638
17.907500	-0.069136
17.922000	-0.065023
17.936500	-0.051153
17.951000	-0.031603
17.965500	-0.037971
17.980000	-0.065307
17.994500	-0.079435
18.009000	-0.067985
18.023500	-0.036087
18.038000	0.000122
18.052500	0.027324
18.067000	0.054106
18.081500	0.084776
18.096000	0.071396
18.110500	-0.006482
18.125000	-0.096812
18.139500	-0.152059
18.154000	-0.138791
18.168500	-0.073518
18.183000	-0.012998
18.197500	0.008833
18.212000	-0.018769
18.226500	-0.071865
18.241000	-0.114655
18.255500	-0.114693
18.270000	-0.058372
18.284500	0.013183
18.299000	0.060302
18.313500	0.084792
18.328000	0.097337
18.342500	0.093656
18.357000	0.078174
18.371500	0.073689
18.386000	0.084632
18.400500	0.094297
18.415000	0.087094
18.429500	0.051678
18.444000	-0.007435
18.458500	-0.078000
18.473000	-0.133611
18.487500	-0.153823
18.502000	-0.146799
18.516500	-0.127486
18.531000	-0.097409
18.545500	-0.059065
18.560000	-0.026697
18.574500	-0.003913
18.589000	0.023673
18.603500	0.064786
18.618000	0.120933
18.632500	0.173467
18.647000	0.192428
18.661500	0.167147
18.676000	0.102384
18.690500	0.040977
18.705000	0.021719
18.719500	0.028117
18.734000	0.032315
18.748500	0.023133
18.763000	0.009680
18.777500	0.039122
18.792000	0.109377
18.806500	0.140103
18.821000	0.094213
18.835500	-0.019721
18.850000	-0.134971
18.864500	-0.160446
18.879000	-0.098179
18.893500	-0.000737
18.908000	0.064233
18.922500	0.054554
18.937000	-0.002436
18.951500	-0.066675
18.966000	-0.120516
18.980500	-0.155020
18.995000	-0.148629
19.009500	-0.104972
19.024000	-0.059130
19.038500	-0.023630
19.053000	0.016769
19.067500	0.060640
19.082000	0.091866
19.096500	0.091628
19.111000	0.048187
19.125500	-0.007100
19.140000	-0.038778
19.154500	-0.042974
19.169000	-0.032794
19.183500	-0.038400
19.198000	-0.065385
19.212500	-0.064323
19.227000	-0.024005
19.241500	0.005052
19.256000	-0.001115
19.270500	-0.034176
19.285000	-0.070673
19.299500	-0.085437
19.314000	-0.087877
19.328500	-0.099884
19.343000	-0.104260
19.357500	-0.076904
19.372000	-0.015101
19.386500	0.064056
19.401000	0.099031
19.415500	0.068312
19.430000	0.027782
19.444500	0.007761
19.459000	-0.014018
19.473500	-0.037496
19.488000	-0.031667
19.502500	-0.008932
19.517000	-0.010294
19.531500	-0.035692
19.546000	-0.062442
19.560500	-0.070629
19.575000	-0.052035
19.589500	-0.016953
19.604000	0.022731
19.618500	0.065100
19.633000	0.098777
19.647500	0.074596
19.662000	-0.005093
19.676500	-0.069048
19.691000	-0.086824
19.705500	-0.072785
19.720000	-0.049405
19.734500	-0.034245
19.749000	-0.014936
19.763500	0.028674
19.778000	0.073575
19.792500	0.089458
19.807000	0.059494
19.821500	-0.007246
19.836000	-0.047883
19.850500	-0.033064
19.865000	0.000500
19.879500	0.026266
19.894000	0.047118
19.908500	0.063009
19.923000	0.065214
19.937500	0.055981
19.952000	0.044397
19.966500	0.028415
19.981000	0.002242
19.995500	-0.017565
20.010000	-0.014565
20.024500	0.005409
20.039000	0.032718
20.053500	0.070816
20.068000	0.116256
20.082500	0.144223
20.097000	0.138258
20.111500	0.087550
20.126000	0.016999
20.140500	-0.022389
20.155000	-0.023418
20.169500	-0.008409
20.184000	0.008101
20.198500	0.021249
20.213000	0.034108
20.227500	0.047699
20.242000	0.036229
20.256500	-0.012626
20.271000	-0.068790
20.285500	-0.103259
20.300000	-0.092776
20.314500	-0.043365
20.329000	0.013224
20.343500	0.046650
20.358000	0.031027
20.372500	-0.007841
20.387000	-0.020013
20.401500	-0.009704
20.416000	-0.005211
20.430500	-0.012130
20.445000	-0.024836
20.459500	-0.039067
20.474000	-0.051716
20.488500	-0.056033
20.503000	-0.051771
20.517500	-0.050385
20.532000	-0.050812
20.546500	-0.032616
20.561000	-0.003037
20.575500	0.006331
20.590000	0.000089
20.604500	0.004865
20.619000	0.024376
20.633500	0.049782
20.648000	0.078757
20.662500	0.108043
20.677000	0.104963
20.691500	0.055333
20.706000	-0.003473
20.720500	-0.042474
20.735000	-0.058587
20.749500	-0.058383
20.764000	-0.048938
20.778500	-0.035338
20.793000	-0.020157
20.807500	-0.012151
20.822000	-0.021189
20.836500	-0.031176
20.851000	-0.022374
20.865500	-0.018162
20.880000	-0.039084
20.894500	-0.036848
20.909000	0.016053
20.923500	0.059900
20.938000	0.059063
20.952500	0.039272
20.967000	0.018481
20.981500	-0.011327
20.996000	-0.049837
21.010500	-0.086376
21.025000	-0.097158
21.039500	-0.057889
21.054000	0.010639
21.068500	0.075198
21.083000	0.132726
21.097500	0.184768
21.112000	0.182161
21.126500	0.108950
21.141000	0.046757
21.155500	0.037327
21.170000	0.034240
21.184500	0.010446
21.199000	-0.021291
21.213500	-0.047982
21.228000	-0.063394
21.242500	-0.067349
21.257000	-0.062353
21.271500	-0.060723
21.286000	-0.073661
21.300500	-0.091788
21.315000	-0.101319
21.329500	-0.087832
21.344000	-0.050955
21.358500	-0.016311
21.373000	0.001767
21.387500	0.010552
21.402000	0.008038
21.416500	-0.026976
21.431000	-0.072931
21.445500	-0.076058
21.460000	-0.033792
21.474500	0.024406
21.489000	0.058552
21.503500	0.043312
21.518000	0.007938
21.532500	-0.010210
21.547000	0.015287
21.561500	0.082445
21.576000	0.145567
21.590500	0.173842
21.605000	0.159263
21.619500	0.108983
21.634000	0.033776
21.648500	-0.041356
21.663000	-0.084030
21.677500	-0.077377
21.692000	-0.020415
21.706500	0.019312
21.721000	-0.022207
21.735500	-0.092524
21.750000	-0.124138
21.764500	-0.100588
21.779000	-0.040104
21.793500	0.005993
21.808000	0.005621
21.822500	-0.054682
21.837000	-0.148644
21.851500	-0.216577
21.866000	-0.231337
21.880500	-0.193088
21.895000	-0.115701
21.909500	-0.016234
21.924000	0.065921
21.938500	0.097485
21.953000	0.073707
21.967500	0.008998
21.982000	-0.065019
21.996500	-0.118886
22.011000	-0.112712
22.025500	-0.047941
22.040000	0.023142
22.054500	0.059473
22.069000	0.035357
22.083500	-0.028625
22.098000	-0.086399
22.112500	-0.117839
22.127000	-0.123965
22.141500	-0.122957
22.156000	-0.130696
22.170500	-0.128220
22.185000	-0.098017
22.199500	-0.050923
22.214000	-0.006097
22.228500	0.007782
22.243000	-0.012984
22.257500	-0.042126
22.272000	-0.057807
22.286500	-0.046261
22.301000	-0.020377
22.315500	-0.008058
22.330000	-0.014148
22.344500	-0.028310
22.359000	-0.025277
22.373500	0.011930
22.388000	0.051229
22.402500	0.061849
22.417000	0.046649
22.431500	0.019521
22.446000	-0.004985
22.460500	-0.012365
22.475000	0.021700
22.489500	0.078595
22.504000	0.097833
22.518500	0.067449
22.533000	0.012579
22.547500	-0.047827
22.562000	-0.104304
22.576500	-0.134227
22.591000	-0.119738
22.605500	-0.061386
22.620000	0.022403
22.634500	0.071921
22.649000	0.062885
22.663500	0.042435
22.678000	0.034757
22.692500	0.010670
22.707000	-0.030541
22.721500	-0.053389
22.736000	-0.048300
22.750500	-0.027513
22.765000	-0.000614
22.779500	0.028156
22.794000	0.052788
22.808500	0.068016
22.823000	0.066442
22.837500	0.045295
22.852000	0.006060
22.866500	-0.043342
22.881000	-0.084227
22.895500	-0.106060
22.910000	-0.105644
22.924500	-0.078715
22.939000	-0.013981
22.953500	0.053431
22.968000	0.063425
22.982500	0.021588
22.997000	-0.033074
23.011500	-0.067100
23.026000	-0.066352
23.040500	-0.054116
23.055000	-0.049039
23.069500	-0.024018
23.084000	0.028719
23.098500	0.058524
23.113000	0.040296
23.127500	-0.013276
23.142000	-0.061386
23.156500	-0.044758
23.171000	0.005885
23.185500	0.008285
23.200000	-0.011478
23.214500	0.016369
23.229000	0.066548
23.243500	0.090020
23.258000	0.098104
23.272500	0.111549
23.287000	0.115330
23.301500	0.095075
23.316000	0.046602
23.330500	-0.014032
23.345000	-0.048123
23.359500	-0.041513
23.374000	-0.000521
23.388500	0.057083
23.403000	0.112242
23.417500	0.147697
23.432000	0.152847
23.446500	0.132247
23.461000	0.097483
23.475500	0.067314
23.490000	0.052698
23.504500	0.049883
23.519000	0.051195
23.533500	0.048638
23.548000	0.042606
23.562500	0.044102
23.577000	0.054375
23.591500	0.065176
23.606000	0.060339
23.620500	0.022973
23.635000	-0.019877
23.649500	-0.030124
23.664000	-0.011217
23.678500	0.014024
23.693000	0.001230
23.707500	-0.068694
23.722000	-0.159012
23.736500	-0.227478
23.751000	-0.226126
23.765500	-0.159245
23.780000	-0.083826
23.794500	-0.039942
23.809000	-0.045813
23.823500	-0.085534
23.838000	-0.127727
23.852500	-0.135626
23.867000	-0.085831
23.881500	-0.015228
23.896000	0.033992
23.910500	0.066345
23.925000	0.097093
23.939500	0.128396
23.954000	0.153451
23.968500	0.150528
23.983000	0.108683
23.997500	0.022302
24.012000	-0.075376
24.026500	-0.122285
24.041000	-0.114138
24.055500	-0.083401
24.070000	-0.054998
24.084500	-0.039685
24.099000	-0.022920
24.113500	0.008747
24.128000	0.033780
24.142500	0.036433
24.157000	0.033505
24.171500	0.036348
24.186000	0.033382
24.200500	0.030239
24.215000	0.062171
24.229500	0.107865
24.244000	0.097064
24.258500	0.048009
24.273000	0.029951
24.287500	0.046204
24.302000	0.064958
24.316500	0.050205
24.331000	-0.010987
24.345500	-0.067926
24.360000	-0.083021
24.374500	-0.072780
24.389000	-0.060325
24.403500	-0.058963
24.418000	-0.062572
24.432500	-0.044797
24.447000	-0.008330
24.461500	0.020202
24.476000	0.036478
24.490500	0.051748
24.505000	0.074000
24.519500	0.103620
24.534000	0.107134
24.548500	0.060518
24.563000	-0.007590
24.577500	-0.068343
24.592000	-0.122666
24.606500	-0.164799
24.621000	-0.152449
24.635500	-0.092941
24.650000	-0.052252
24.664500	-0.038818
24.679000	-0.007740
24.693500	0.043766
24.708000	0.089277
24.722500	0.108019
24.737000	0.092939
24.751500	0.068021
24.766000	0.057901
24.780500	0.071233
24.795000	0.096577
24.809500	0.080170
24.824000	0.014945
24.838500	-0.022579
24.853000	-0.002995
24.867500	0.042131
24.882000	0.082550
24.896500	0.100893
24.911000	0.108436
24.925500	0.127174
24.940000	0.139181
24.954500	0.116739
24.969000	0.057206
24.983500	-0.025722
24.998000	-0.095753
25.012500	-0.127411
25.027000	-0.105889
25.041500	-0.047907
25.056000	-0.011711
25.070500	-0.014117
25.085000	-0.023707
25.099500	-0.023348
25.114000	-0.014882
25.128500	-0.015404
25.143000	-0.043768
25.157500	-0.080487
25.172000	-0.096402
25.186500	-0.076540
25.201000	-0.025521
25.215500	0.010962
25.230000	0.007647
25.244500	-0.007095
25.259000	-0.006369
25.273500	0.023232
25.288000	0.072475
25.302500	0.114152
25.317000	0.127915
25.331500	0.100898
25.346000	0.055039
25.360500	0.023983
25.375000	0.000872
25.389500	-0.032206
25.404000	-0.043915
25.418500	-0.010857
25.433000	0.018573
25.447500	0.010243
25.462000	-0.008677
25.476500	-0.014282
25.491000	-0.005215
25.505500	0.001631
25.520000	-0.025775
25.534500	-0.070410
25.549000	-0.081593
25.563500	-0.064416
25.578000	-0.053172
25.592500	-0.042357
25.607000	-0.015342
25.621500	-0.004705
25.636000	-0.035841
25.650500	-0.068396
25.665000	-0.069971
25.679500	-0.051069
25.694000	-0.025067
25.708500	0.009080
25.723000	0.040978
25.737500	0.043699
25.752000	0.031395
25.766500	0.046510
25.781000	0.077396
25.795500	0.085694
25.810000	0.064310
25.824500	0.024785
25.839000	-0.010789
25.853500	-0.027802
25.868000	-0.026784
25.882500	-0.014304
25.897000	0.002282
25.911500	0.015759
25.926000	0.016604
25.940500	0.015153
25.955000	0.042714
25.969500	0.087895
25.984000	0.109141
25.998500	0.085834
26.013000	0.017744
26.027500	-0.053015
26.042000	-0.085112
26.056500	-0.078425
26.071000	-0.050576
26.085500	-0.025062
26.100000	-0.012375
26.114500	-0.000607
26.129000	0.015359
26.143500	0.024163
26.158000	0.026212
26.172500	0.035796
26.187000	0.052664
26.201500	0.064996
26.216000	0.057656
26.230500	0.020097
26.245000	-0.028436
26.259500	-0.064478
26.274000	-0.083700
26.288500	-0.091207
26.303000	-0.094120
26.317500	-0.096466
26.332000	-0.096039
26.346500	-0.096530
26.361000	-0.113829
26.375500	-0.136586
26.390000	-0.125211
26.404500	-0.086842
26.419000	-0.060197
26.433500	-0.046933
26.448000	-0.028520
26.462500	-0.007417
26.477000	0.005978
26.491500	0.005483
26.506000	-0.007375
26.520500	-0.017998
26.535000	-0.019186
26.549500	-0.020995
26.564000	-0.036084
26.578500	-0.081685
26.593000	-0.131933
26.607500	-0.119784
26.622000	-0.053629
26.636500	0.008414
26.651000	0.043236
26.665500	0.054226
26.680000	0.042647
26.694500	0.011547
26.709000	-0.015002
26.723500	-0.022420
26.738000	-0.035427
26.752500	-0.064402
26.767000	-0.071912
26.781500	-0.044824
26.796000	-0.008642
26.810500	0.016492
26.825000	0.021900
26.839500	0.015798
26.854000	0.013828
26.868500	0.017694
26.883000	0.022361
26.897500	0.035951
26.912000	0.063278
26.926500	0.066061
26.941000	0.022173
26.955500	-0.024376
26.970000	-0.046044
26.984500	-0.071802
26.999000	-0.110829
27.013500	-0.130176
27.028000	-0.116152
27.042500	-0.076156
27.057000	-0.033342
27.071500	-0.013767
27.086000	-0.020009
27.100500	-0.042362
27.115000	-0.073599
27.129500	-0.106712
27.144000	-0.114527
27.158500	-0.085143
27.173000	-0.051318
27.187500	-0.037042
27.202000	-0.038303
27.216500	-0.045910
27.231000	-0.053803
27.245500	-0.059366
27.260000	-0.062121
27.274500	-0.062579
27.289000	-0.061670
27.303500	-0.060357
27.318000	-0.059274
27.332500	-0.058598
27.347000	-0.058234
27.361500	-0.058056
27.376000	-0.057991
27.390500	-0.057980
27.405000	-0.057960
27.419500	-0.057899
27.434000	-0.057811
27.448500	-0.057726
27.463000	-0.057657
27.477500	-0.057601
27.492000	-0.057553
27.506500	-0.057518
27.521000	-0.057499
27.535500	-0.057491
27.550000	-0.057488
27.564500	-0.057488
27.579000	-0.057494
27.593500	-0.057506
27.608000	-0.057520
27.622500	-0.057537
27.637000	-0.057557
27.651500	-0.057578
27.666000	-0.057601
27.680500	-0.057625
27.695000	-0.057649
27.709500	-0.057674
27.724000	-0.057698
27.738500	-0.057722
27.753000	-0.057745
27.767500	-0.057767
27.782000	-0.057788
27.796500	-0.057808
27.811000	-0.057827
27.825500	-0.057844
27.840000	-0.057860
27.854500	-0.057875
27.869000	-0.057889
27.883500	-0.057901
27.898000	-0.057912
27.912500	-0.057921
27.927000	-0.057929
27.941500	-0.057937
27.956000	-0.057943
27.970500	-0.057948
27.985000	-0.057952
27.999500	-0.057955
28.014000	-0.057958
28.028500	-0.057960
28.043000	-0.057961
28.057500	-0.057962
28.072000	-0.057962
28.086500	-0.057962
28.101000	-0.057961
28.115500	-0.057960
28.130000	-0.057959
28.144500	-0.057957
28.159000	-0.057956
28.173500	-0.057954
28.188000	-0.057952
28.202500	-0.057951
28.217000	-0.057949
28.231500	-0.057947
28.246000	-0.057945
28.260500	-0.057943
28.275000	-0.057941
28.289500	-0.057940
28.304000	-0.057938
28.318500	-0.057937
28.333000	-0.057935
28.347500	-0.057934
28.362000	-0.057933
28.376500	-0.057932
28.391000	-0.057931
28.405500	-0.057930
28.420000	-0.057929
28.434500	-0.057929
28.449000	-0.057928
28.463500	-0.057927
28.478000	-0.057927
28.492500	-0.057927
28.507000	-0.057926
28.521500	-0.057926
28.536000	-0.057926
28.550500	-0.057926
28.565000	-0.057926
28.579500	-0.057926
28.594000	-0.057926
28.608500	-0.057926
28.623000	-0.057926
28.637500	-0.057926
28.652000	-0.057926
28.666500	-0.057926
28.681000	-0.057926
28.695500	-0.057926
28.710000	-0.057927
28.724500	-0.057927
28.739000	-0.057927
28.753500	-0.057927
28.768000	-0.057927
28.782500	-0.057927
28.797000	-0.057927
28.811500	-0.057927
28.826000	-0.057928
28.840500	-0.057928
28.855000	-0.057928
28.869500	-0.057928
28.884000	-0.057928
28.898500	-0.057928
28.913000	-0.057928
28.927500	-0.057928
28.942000	-0.057928
28.956500	-0.057928
28.971000	-0.057928
28.985500	-0.057928
