0.00000	0.96593
0.01000	0.96982
0.02000	0.98577
0.03000	0.99820
0.04000	0.99903
0.05000	0.98754
0.06000	0.96500
0.07000	0.95418
0.08000	0.95682
0.09000	0.94462
0.10000	0.89587
0.11000	0.83673
0.12000	0.84901
0.13000	0.90217
0.14000	0.91999
0.15000	0.89405
0.16000	0.86651
0.17000	0.89948
0.18000	0.95331
0.19000	0.97902
0.20000	0.98728
0.21000	0.99322
0.22000	0.99901
0.23000	0.99927
0.24000	0.99135
0.25000	0.96683
0.26000	0.92957
0.27000	0.92078
0.28000	0.93565
0.29000	0.92939
0.30000	0.88077
0.31000	0.82405
0.32000	0.84481
0.33000	0.90587
0.34000	0.93034
0.35000	0.91624
0.36000	0.90192
0.37000	0.93228
0.38000	0.97354
0.39000	0.99249
0.40000	0.99879
0.41000	0.99980
0.42000	0.99658
0.43000	0.99088
0.44000	0.97749
0.45000	0.94112
0.46000	0.89174
0.47000	0.88851
0.48000	0.91768
0.49000	0.91949
0.50000	0.87559
0.51000	0.82605
0.52000	0.85374
0.53000	0.91759
0.54000	0.94592
0.55000	0.94289
0.56000	0.94007
0.57000	0.96399
0.58000	0.98982
0.59000	0.99941
0.60000	0.99800
0.61000	0.98801
0.62000	0.97889
0.63000	0.97470
0.64000	0.96010
0.65000	0.91518
0.66000	0.85826
0.67000	0.86289
0.68000	0.90593
0.69000	0.91654
0.70000	0.88114
0.71000	0.84241
0.72000	0.87443
0.73000	0.93536
0.74000	0.96399
0.75000	0.96911
0.76000	0.97364
0.77000	0.98829
0.78000	0.99888
0.79000	0.99845
0.80000	0.98530
0.81000	0.96081
0.82000	0.95002
0.83000	0.95403
0.84000	0.94243
0.85000	0.89342
0.86000	0.83430
0.87000	0.84773
0.88000	0.90216
0.89000	0.92097
0.90000	0.89654
0.91000	0.87073
0.92000	0.90359
0.93000	0.95603
0.94000	0.98105
0.95000	0.98941
0.96000	0.99510
0.97000	0.99961
0.98000	0.99870
0.99000	0.98985
1.00000	0.96368
1.01000	0.92464
1.02000	0.91639
1.03000	0.93306
1.04000	0.92775
1.05000	0.87950
1.06000	0.82346
1.07000	0.84523
1.08000	0.90696
1.09000	0.93211
1.10000	0.91953
1.11000	0.90686
1.12000	0.93659
1.13000	0.97595
1.14000	0.99380
1.15000	0.99940
1.16000	0.99929
1.17000	0.99509
1.18000	0.98917
1.19000	0.97536
1.20000	0.93767
1.21000	0.88703
1.22000	0.88471
1.23000	0.91575
1.24000	0.91869
1.25000	0.87571
1.26000	0.82739
1.27000	0.85582
1.28000	0.91961
1.29000	0.94820
1.30000	0.94644
1.31000	0.94485
1.32000	0.96769
1.33000	0.99146
1.34000	0.99974
1.35000	0.99699
1.36000	0.98524
1.37000	0.97566
1.38000	0.97219
1.39000	0.95776
1.40000	0.91203
1.41000	0.85452
1.42000	0.86027
1.43000	0.90497
1.44000	0.91670
1.45000	0.88261
1.46000	0.84548
1.47000	0.87782
1.48000	0.93795
1.49000	0.96634
1.50000	0.97218
1.51000	0.97725
1.52000	0.99058
1.53000	0.99940
1.54000	0.99774
1.55000	0.98291
1.56000	0.95646
1.57000	0.94577
1.58000	0.95123
1.59000	0.94029
1.60000	0.89111
1.61000	0.83210
1.62000	0.84666
1.63000	0.90230
1.64000	0.92206
1.65000	0.89916
1.66000	0.87509
1.67000	0.90777
1.68000	0.95874
1.69000	0.98301
1.70000	0.99136
1.71000	0.99669
1.72000	0.99993
1.73000	0.99797
1.74000	0.98825
1.75000	0.96045
1.76000	0.91969
1.77000	0.91204
1.78000	0.93053
1.79000	0.92622
1.80000	0.87841
1.81000	0.82313
1.82000	0.84588
1.83000	0.90819
1.84000	0.93397
1.85000	0.92290
1.86000	0.91183
1.87000	0.94086
1.88000	0.97829
1.89000	0.99499
1.90000	0.99980
1.91000	0.99846
1.92000	0.99335
1.93000	0.98733
1.94000	0.97319
1.95000	0.93422
1.96000	0.88240
1.97000	0.88104
1.98000	0.91394
1.99000	0.91802
2.00000	0.87601
2.01000	0.82898
2.02000	0.85808
2.03000	0.92173
2.04000	0.95051
2.05000	0.94996
2.06000	0.94954
2.07000	0.97126
2.08000	0.99297
2.09000	0.99994
2.10000	0.99577
2.11000	0.98222
2.12000	0.97224
2.13000	0.96961
2.14000	0.95541
2.15000	0.90897
2.16000	0.85095
2.17000	0.85783
2.18000	0.90414
2.19000	0.91699
2.20000	0.88425
2.21000	0.84875
2.22000	0.88135
2.23000	0.94058
2.24000	0.96866
2.25000	0.97515
2.26000	0.98064
2.27000	0.99265
2.28000	0.99976
2.29000	0.99691
2.30000	0.98038
2.31000	0.95198
2.32000	0.94147
2.33000	0.94844
2.34000	0.93821
2.35000	0.88894
2.36000	0.83012
2.37000	0.84581
2.38000	0.90259
2.39000	0.92326
2.40000	0.90190
2.41000	0.87956
2.42000	0.91200
2.43000	0.96142
2.44000	0.98489
2.45000	0.99312
2.46000	0.99797
2.47000	0.99999
2.48000	0.99708
2.49000	0.98656
2.50000	0.95715
2.51000	0.91473
2.52000	0.90774
2.53000	0.92808
2.54000	0.92478
2.55000	0.87749
2.56000	0.82305
2.57000	0.84675
2.58000	0.90955
2.59000	0.93591
2.60000	0.92632
2.61000	0.91681
2.62000	0.94509
2.63000	0.98054
2.64000	0.99606
2.65000	0.99999
2.66000	0.99733
2.67000	0.99136
2.68000	0.98536
2.69000	0.97097
2.70000	0.93079
2.71000	0.87788
2.72000	0.87750
2.73000	0.91224
2.74000	0.91747
2.75000	0.87649
2.76000	0.83080
2.77000	0.86054
2.78000	0.92394
2.79000	0.95284
2.80000	0.95345
2.81000	0.95412
2.82000	0.97467
2.83000	0.99435
2.84000	1.00000
2.85000	0.99436
2.86000	0.97895
2.87000	0.96866
2.88000	0.96697
2.89000	0.95308
2.90000	0.90599
2.91000	0.84757
2.92000	0.85559
2.93000	0.90346
2.94000	0.91740
2.95000	0.88605
2.96000	0.85220
2.97000	0.88500
2.98000	0.94325
2.99000	0.97094
3.00000	0.97799
3.01000	0.98379
3.02000	0.99447
3.03000	0.99996
3.04000	0.99594
3.05000	0.97771
3.06000	0.94738
3.07000	0.93711
3.08000	0.94566
3.09000	0.93620
3.10000	0.88691
3.11000	0.82838
3.12000	0.84518
3.13000	0.90302
3.14000	0.92458
3.15000	0.90475
3.16000	0.88415
3.17000	0.91627
3.18000	0.96408
3.19000	0.98669
3.20000	0.99470
3.21000	0.99894
3.22000	0.99977
3.23000	0.99604
3.24000	0.98478
3.25000	0.95381
3.26000	0.90978
3.27000	0.90350
3.28000	0.92570
3.29000	0.92345
3.30000	0.87675
3.31000	0.82322
3.32000	0.84784
3.33000	0.91104
3.34000	0.93792
3.35000	0.92979
3.36000	0.92181
3.37000	0.94926
3.38000	0.98270
3.39000	0.99702
3.40000	0.99996
3.41000	0.99589
3.42000	0.98912
3.43000	0.98329
3.44000	0.96871
3.45000	0.92739
3.46000	0.87346
3.47000	0.87411
3.48000	0.91067
3.49000	0.91704
3.50000	0.87715
3.51000	0.83285
3.52000	0.86318
3.53000	0.92623
3.54000	0.95520
3.55000	0.95690
3.56000	0.95856
3.57000	0.97791
3.58000	0.99559
3.59000	0.99992
3.60000	0.99276
3.61000	0.97547
3.62000	0.96493
3.63000	0.96428
3.64000	0.95076
3.65000	0.90311
3.66000	0.84437
3.67000	0.85354
3.68000	0.90291
3.69000	0.91793
3.70000	0.88801
3.71000	0.85584
3.72000	0.88877
3.73000	0.94595
3.74000	0.97319
3.75000	0.98070
3.76000	0.98670
3.77000	0.99604
3.78000	0.99999
3.79000	0.99486
3.80000	0.97493
3.81000	0.94268
3.82000	0.93272
3.83000	0.94291
3.84000	0.93425
3.85000	0.88504
3.86000	0.82688
3.87000	0.84478
3.88000	0.90360
3.89000	0.92599
3.90000	0.90772
3.91000	0.88883
3.92000	0.92057
3.93000	0.96670
3.94000	0.98839
3.95000	0.99607
3.96000	0.99960
3.97000	0.99927
3.98000	0.99484
3.99000	0.98291
4.00000	0.95042
4.01000	0.90486
4.02000	0.89934
4.03000	0.92341
4.04000	0.92223
4.05000	0.87619
4.06000	0.82364
4.07000	0.84915
4.08000	0.91265
4.09000	0.94000
4.10000	0.93330
4.11000	0.92678
4.12000	0.95336
4.13000	0.98477
4.14000	0.99784
4.15000	0.99972
4.16000	0.99415
4.17000	0.98666
4.18000	0.98110
4.19000	0.96642
4.20000	0.92403
4.21000	0.86917
4.22000	0.87086
4.23000	0.90922
4.24000	0.91674
4.25000	0.87799
4.26000	0.83513
4.27000	0.86599
4.28000	0.92860
4.29000	0.95757
4.30000	0.96029
4.31000	0.96286
4.32000	0.98098
4.33000	0.99668
4.34000	0.99971
4.35000	0.99098
4.36000	0.97177
4.37000	0.96106
4.38000	0.96155
4.39000	0.94846
4.40000	0.90034
4.41000	0.84137
4.42000	0.85169
4.43000	0.90252
4.44000	0.91859
4.45000	0.89012
4.46000	0.85964
4.47000	0.89264
4.48000	0.94866
4.49000	0.97539
4.50000	0.98326
4.51000	0.98934
4.52000	0.99736
4.53000	0.99986
4.54000	0.99366
4.55000	0.97202
4.56000	0.93789
4.57000	0.92831
4.58000	0.94019
4.59000	0.93239
4.60000	0.88332
4.61000	0.82562
4.62000	0.84460
4.63000	0.90431
4.64000	0.92751
4.65000	0.91079
4.66000	0.89360
4.67000	0.92489
4.68000	0.96927
4.69000	0.98999
4.70000	0.99725
4.71000	0.99994
4.72000	0.99851
4.73000	0.99350
4.74000	0.98097
4.75000	0.94700
4.76000	0.89997
4.77000	0.89526
4.78000	0.92121
4.79000	0.92112
4.80000	0.87581
4.81000	0.82432
4.82000	0.85067
4.83000	0.91438
4.84000	0.94214
4.85000	0.93683
4.86000	0.93173
4.87000	0.95737
4.88000	0.98673
4.89000	0.99853
4.90000	0.99926
4.91000	0.99212
4.92000	0.98397
4.93000	0.97882
4.94000	0.96410
4.95000	0.92071
4.96000	0.86502
4.97000	0.86778
4.98000	0.90789
4.99000	0.91656
5.00000	0.87900
5.01000	0.83764
5.02000	0.86897
5.03000	0.93104
5.04000	0.95994
5.05000	0.96362
5.06000	0.96700
5.07000	0.98385
5.08000	0.99762
5.09000	0.99936
5.10000	0.98902
5.11000	0.96787
5.12000	0.95707
5.13000	0.95879
5.14000	0.94620
5.15000	0.89768
5.16000	0.83858
5.17000	0.85005
5.18000	0.90226
5.19000	0.91937
5.20000	0.89237
5.21000	0.86361
5.22000	0.89661
5.23000	0.95138
5.24000	0.97754
5.25000	0.98567
5.26000	0.99171
5.27000	0.99842
5.28000	0.99957
5.29000	0.99234
5.30000	0.96902
5.31000	0.93304
5.32000	0.92390
5.33000	0.93752
5.34000	0.93060
5.35000	0.88177
5.36000	0.82461
5.37000	0.84464
5.38000	0.90517
5.39000	0.92913
5.40000	0.91395
5.41000	0.89845
5.42000	0.92922
5.43000	0.97179
5.44000	0.99149
5.45000	0.99822
5.46000	0.99997
5.47000	0.99747
5.48000	0.99202
5.49000	0.97895
5.50000	0.94356
5.51000	0.89513
5.52000	0.89127
5.53000	0.91911
5.54000	0.92012
5.55000	0.87562
5.56000	0.82524
5.57000	0.85239
5.58000	0.91622
5.59000	0.94434
5.60000	0.94038
5.61000	0.93664
5.62000	0.96128
5.63000	0.98858
5.64000	0.99910
5.65000	0.99860
5.66000	0.98981
5.67000	0.98107
5.68000	0.97644
5.69000	0.96177
5.70000	0.91745
5.71000	0.86101
5.72000	0.86486
5.73000	0.90670
5.74000	0.91650
5.75000	0.88019
5.76000	0.84036
5.77000	0.87211
5.78000	0.93355
5.79000	0.96231
5.80000	0.96686
5.81000	0.97095
5.82000	0.98652
5.83000	0.99841
5.84000	0.99887
5.85000	0.98690
5.86000	0.96380
5.87000	0.95298
5.88000	0.95601
5.89000	0.94398
5.90000	0.89514
5.91000	0.83600
5.92000	0.84861
5.93000	0.90215
5.94000	0.92026
5.95000	0.89476
5.96000	0.86773
5.97000	0.90067
5.98000	0.95410
5.99000	0.97962
6.00000	0.98792
6.01000	0.99380
6.02000	0.99921
6.03000	0.99912
6.04000	0.99092
6.05000	0.96592
6.06000	0.92814
6.07000	0.91950
6.08000	0.93489
6.09000	0.92890
6.10000	0.88038
6.11000	0.82385
6.12000	0.84491
6.13000	0.90617
6.14000	0.93084
6.15000	0.91719
6.16000	0.90335
6.17000	0.93354
6.18000	0.97425
6.19000	0.99288
6.20000	0.99899
6.21000	0.99969
6.22000	0.99617
6.23000	0.99040
6.24000	0.97687
6.25000	0.94011
6.26000	0.89036
6.27000	0.88739
6.28000	0.91711
6.29000	0.91924
6.30000	0.87561
6.31000	0.82641
6.32000	0.85433
6.33000	0.91817
6.34000	0.94658
6.35000	0.94393
6.36000	0.94147
6.37000	0.96508
6.38000	0.99031
6.39000	0.99952
6.40000	0.99773
6.41000	0.98723
6.42000	0.97797
6.43000	0.97398
6.44000	0.95942
6.45000	0.91425
6.46000	0.85715
6.47000	0.86211
6.48000	0.90564
6.49000	0.91658
6.50000	0.88155
6.51000	0.84328
6.52000	0.87540
6.53000	0.93610
6.54000	0.96467
6.55000	0.97001
6.56000	0.97471
6.57000	0.98898
6.58000	0.99905
6.59000	0.99826
6.60000	0.98462
6.61000	0.95956
6.62000	0.94879
6.63000	0.95321
6.64000	0.94181
6.65000	0.89274
6.66000	0.83364
6.67000	0.84739
6.68000	0.90219
6.69000	0.92127
6.70000	0.89729
6.71000	0.87199
6.72000	0.90480
6.73000	0.95682
6.74000	0.98163
6.75000	0.98999
6.76000	0.99559
6.77000	0.99973
6.78000	0.99850
6.79000	0.98939
6.80000	0.96274
6.81000	0.92320
6.82000	0.91512
6.83000	0.93232
6.84000	0.92730
6.85000	0.87916
6.86000	0.82334
6.87000	0.84540
6.88000	0.90731
6.89000	0.93264
6.90000	0.92051
6.91000	0.90830
6.92000	0.93783
6.93000	0.97664
6.94000	0.99416
6.95000	0.99954
6.96000	0.99908
6.97000	0.99461
6.98000	0.98865
6.99000	0.97474
7.00000	0.93666
7.01000	0.88567
7.02000	0.88363
7.03000	0.91522
7.04000	0.91848
7.05000	0.87578
7.06000	0.82783
7.07000	0.85646
7.08000	0.92022
7.09000	0.94887
7.10000	0.94746
7.11000	0.94623
7.12000	0.96874
7.13000	0.99191
7.14000	0.99982
7.15000	0.99665
7.16000	0.98438
7.17000	0.97468
7.18000	0.97145
7.19000	0.95707
7.20000	0.91113
7.21000	0.85346
7.22000	0.85954
7.23000	0.90471
7.24000	0.91677
7.25000	0.88307
7.26000	0.84641
7.27000	0.87883
7.28000	0.93871
7.29000	0.96701
7.30000	0.97306
7.31000	0.97826
7.32000	0.99121
7.33000	0.99952
7.34000	0.99751
7.35000	0.98219
7.36000	0.95517
7.37000	0.94453
7.38000	0.95042
7.39000	0.93968
7.40000	0.89046
7.41000	0.83150
7.42000	0.84639
7.43000	0.90237
7.44000	0.92240
7.45000	0.89994
7.46000	0.87638
7.47000	0.90899
7.48000	0.95952
7.49000	0.98357
7.50000	0.99189
7.51000	0.99709
7.52000	0.99998
7.53000	0.99772
7.54000	0.98777
7.55000	0.95949
7.56000	0.91825
7.57000	0.91079
7.58000	0.92981
7.59000	0.92579
7.60000	0.87812
7.61000	0.82308
7.62000	0.84611
7.63000	0.90857
7.64000	0.93452
7.65000	0.92389
7.66000	0.91327
7.67000	0.94210
7.68000	0.97895
7.69000	0.99532
7.70000	0.99988
7.71000	0.99817
7.72000	0.99279
7.73000	0.98677
7.74000	0.97255
7.75000	0.93322
7.76000	0.88108
7.77000	0.88000
7.78000	0.91344
7.79000	0.91785
7.80000	0.87613
7.81000	0.82948
7.82000	0.85878
7.83000	0.92236
7.84000	0.95118
7.85000	0.95098
7.86000	0.95088
7.87000	0.97226
7.88000	0.99339
7.89000	0.99997
7.90000	0.99538
7.91000	0.98129
7.92000	0.97122
7.93000	0.96885
7.94000	0.95473
7.95000	0.90809
7.96000	0.84995
7.97000	0.85716
7.98000	0.90393
7.99000	0.91710
8.00000	0.88476
8.01000	0.84973
8.02000	0.88240
8.03000	0.94136
8.04000	0.96933
8.05000	0.97599
8.06000	0.98158
8.07000	0.99320
8.08000	0.99983
8.09000	0.99664
8.10000	0.97962
8.11000	0.95065
8.12000	0.94020
8.13000	0.94763
8.14000	0.93762
8.15000	0.88833
8.16000	0.82959
8.17000	0.84561
8.18000	0.90270
8.19000	0.92363
8.20000	0.90272
8.21000	0.88088
8.22000	0.91323
8.23000	0.96220
8.24000	0.98542
8.25000	0.99360
8.26000	0.99828
8.27000	0.99995
8.28000	0.99679
8.29000	0.98605
8.30000	0.95619
8.31000	0.91329
8.32000	0.90650
8.33000	0.92738
8.34000	0.92438
8.35000	0.87726
8.36000	0.82307
8.37000	0.84705
8.38000	0.90997
8.39000	0.93649
8.40000	0.92733
8.41000	0.91827
8.42000	0.94631
8.43000	0.98118
8.44000	0.99635
8.45000	1.00000
8.46000	0.99694
8.47000	0.99073
8.48000	0.98477
8.49000	0.97032
8.50000	0.92980
8.51000	0.87658
8.52000	0.87650
8.53000	0.91177
8.54000	0.91733
8.55000	0.87666
8.56000	0.83137
8.57000	0.86129
8.58000	0.92460
8.59000	0.95353
8.60000	0.95446
8.61000	0.95542
8.62000	0.97563
8.63000	0.99472
8.64000	0.99999
8.65000	0.99392
8.66000	0.97796
8.67000	0.96759
8.68000	0.96619
8.69000	0.95240
8.70000	0.90514
8.71000	0.84662
8.72000	0.85497
8.73000	0.90329
8.74000	0.91754
8.75000	0.88661
8.76000	0.85324
8.77000	0.88608
8.78000	0.94403
8.79000	0.97160
8.80000	0.97879
8.81000	0.98467
8.82000	0.99495
8.83000	0.99999
8.84000	0.99564
8.85000	0.97692
8.86000	0.94602
8.87000	0.93584
8.88000	0.94486
8.89000	0.93563
8.90000	0.88635
8.91000	0.82792
8.92000	0.84504
8.93000	0.90317
8.94000	0.92498
8.95000	0.90561
8.96000	0.88550
8.97000	0.91752
8.98000	0.96484
8.99000	0.98719
9.00000	0.99512
9.01000	0.99916
9.02000	0.99965
9.03000	0.99571
9.04000	0.98424
9.05000	0.95283
9.06000	0.90835
9.07000	0.90228
9.08000	0.92503
9.09000	0.92309
9.10000	0.87657
9.11000	0.82331
9.12000	0.84820
9.13000	0.91149
9.14000	0.93852
9.15000	0.93081
9.16000	0.92326
9.17000	0.95046
9.18000	0.98331
9.19000	0.99727
9.20000	0.99991
9.21000	0.99541
9.22000	0.98843
9.23000	0.98266
9.24000	0.96805
9.25000	0.92641
9.26000	0.87220
9.27000	0.87315
9.28000	0.91023
9.29000	0.91694
9.30000	0.87738
9.31000	0.83349
9.32000	0.86398
9.33000	0.92691
9.34000	0.95589
9.35000	0.95789
9.36000	0.95983
9.37000	0.97882
9.38000	0.99592
9.39000	0.99987
9.40000	0.99226
9.41000	0.97441
9.42000	0.96382
9.43000	0.96349
9.44000	0.95009
9.45000	0.90230
9.46000	0.84348
9.47000	0.85298
9.48000	0.90278
9.49000	0.91811
9.50000	0.88861
9.51000	0.85693
9.52000	0.88988
9.53000	0.94673
9.54000	0.97384
9.55000	0.98146
9.56000	0.98749
9.57000	0.99645
9.58000	0.99997
9.59000	0.99452
9.60000	0.97409
9.61000	0.94130
9.62000	0.93144
9.63000	0.94212
9.64000	0.93370
9.65000	0.88452
9.66000	0.82649
9.67000	0.84470
9.68000	0.90379
9.69000	0.92643
9.70000	0.90860
9.71000	0.89021
9.72000	0.92183
9.73000	0.96745
9.74000	0.98886
9.75000	0.99644
9.76000	0.99973
9.77000	0.99908
9.78000	0.99447
9.79000	0.98235
9.80000	0.94943
9.81000	0.90343
9.82000	0.89814
9.83000	0.92276
9.84000	0.92190
9.85000	0.87606
9.86000	0.82381
9.87000	0.84957
9.88000	0.91314
9.89000	0.94062
9.90000	0.93432
9.91000	0.92823
9.92000	0.95454
9.93000	0.98535
9.94000	0.99805
9.95000	0.99961
9.96000	0.99359
9.97000	0.98590
9.98000	0.98045
9.99000	0.96575
