0.000000	0.000000
0.014500	26.080624
0.029000	103.032299
0.043500	236.388060
0.058000	405.111944
0.072500	560.062042
0.087000	677.467674
0.101500	766.704317
0.116000	831.546126
0.130500	863.203576
0.145000	857.440245
0.159500	823.109153
0.174000	776.532357
0.188500	724.829783
0.203000	663.671247
0.217500	589.632218
0.232000	504.230384
0.246500	415.291269
0.261000	333.600621
0.275500	267.170538
0.290000	218.598857
0.304500	184.116601
0.319000	158.181391
0.333500	137.930930
0.348000	122.109059
0.362500	109.116540
0.377000	97.304523
0.391500	85.085322
0.406000	71.265276
0.420500	55.598430
0.435000	39.862585
0.449500	26.518382
0.464000	16.067946
0.478500	7.986905
0.493000	2.396800
0.507500	0.033217
0.522000	1.243872
0.536500	4.529598
0.551000	7.483019
0.565500	8.734796
0.580000	8.751961
0.594500	8.591502
0.609000	8.777608
0.623500	9.470372
0.638000	10.715154
0.652500	11.677576
0.667000	10.758404
0.681500	8.452672
0.696000	6.690118
0.710500	5.969699
0.725000	5.956611
0.739500	6.529268
0.754000	7.527634
0.768500	8.358819
0.783000	8.345280
0.797500	7.008360
0.812000	4.577107
0.826500	2.109147
0.841000	0.553624
0.855500	0.037662
0.870000	0.009462
0.884500	0.020006
0.899000	0.000171
0.913500	0.100942
0.928000	0.437671
0.942500	0.826690
0.957000	0.983987
0.971500	0.842280
0.986000	0.607223
1.000500	0.459537
1.015000	0.400628
1.029500	0.371482
1.044000	0.315099
1.058500	0.164258
1.073000	0.000839
1.087500	0.277198
1.102000	1.125528
1.116500	2.091773
1.131000	2.841806
1.145500	3.696335
1.160000	5.441632
1.174500	8.235926
1.189000	11.242842
1.203500	13.535613
1.218000	14.522221
1.232500	13.916924
1.247000	12.162026
1.261500	10.210832
1.276000	8.751899
1.290500	8.128547
1.305000	8.114390
1.319500	7.912835
1.334000	6.591019
1.348500	3.911661
1.363000	1.201019
1.377500	0.013220
1.392000	0.567388
1.406500	1.858785
1.421000	2.828613
1.435500	2.933633
1.450000	1.959331
1.464500	0.600567
1.479000	0.005112
1.493500	0.243765
1.508000	0.687803
1.522500	0.818356
1.537000	0.559405
1.551500	0.325326
1.566000	0.401589
1.580500	0.749467
1.595000	1.020026
1.609500	1.070804
1.624000	1.011582
1.638500	0.679387
1.653000	0.160364
1.667500	0.038499
1.682000	0.771969
1.696500	2.554297
1.711000	4.882273
1.725500	6.108008
1.740000	5.511966
1.754500	4.140536
1.769000	2.918243
1.783500	2.104064
1.798000	1.598460
1.812500	1.235449
1.827000	1.042475
1.841500	1.128465
1.856000	1.593909
1.870500	2.614544
1.885000	4.448114
1.899500	7.225618
1.914000	10.709104
1.928500	14.403592
1.943000	17.637156
1.957500	18.857483
1.972000	16.309863
1.986500	11.463105
2.001000	7.227548
2.015500	4.197806
2.030000	1.970438
2.044500	0.562313
2.059000	0.014003
2.073500	0.208093
2.088000	0.806118
2.102500	1.212076
2.117000	1.131048
2.131500	0.876332
2.146000	0.765109
2.160500	0.916791
2.175000	1.251816
2.189500	1.407266
2.204000	1.170160
2.218500	0.735750
2.233000	0.420033
2.247500	0.326584
2.262000	0.313515
2.276500	0.218007
2.291000	0.072665
2.305500	0.000366
2.320000	0.218251
2.334500	1.075463
2.349000	2.230886
2.363500	2.887557
2.378000	2.876169
2.392500	1.983907
2.407000	0.435240
2.421500	0.158593
2.436000	1.841289
2.450500	3.445276
2.465000	2.979789
2.479500	1.448476
2.494000	0.468853
2.508500	0.113510
2.523000	0.029777
2.537500	0.040497
2.552000	0.159298
2.566500	0.527591
2.581000	1.250527
2.595500	2.102164
2.610000	2.786325
2.624500	3.308933
2.639000	3.157570
2.653500	1.818393
2.668000	0.534831
2.682500	0.084679
2.697000	0.004436
2.711500	0.003540
2.726000	0.013898
2.740500	0.019135
2.755000	0.029120
2.769500	0.047108
2.784000	0.069489
2.798500	0.119220
2.813000	0.278014
2.827500	0.596165
2.842000	0.880806
2.856500	0.859347
2.871000	0.531387
2.885500	0.179312
2.900000	0.014872
2.914500	0.009161
2.929000	0.042026
2.943500	0.059540
2.958000	0.070875
2.972500	0.089854
2.987000	0.176154
3.001500	0.617409
3.016000	2.015456
3.030500	4.588806
3.045000	7.614709
3.059500	9.813962
3.074000	9.962871
3.088500	7.867520
3.103000	4.975192
3.117500	2.730360
3.132000	1.489609
3.146500	1.035419
3.161000	1.184680
3.175500	1.873867
3.190000	2.682558
3.204500	2.943018
3.219000	2.480456
3.233500	1.647974
3.248000	0.899809
3.262500	0.372750
3.277000	0.045845
3.291500	0.116825
3.306000	1.290101
3.320500	4.517751
3.335000	9.918369
3.349500	15.413312
3.364000	17.923476
3.378500	16.741567
3.393000	13.497980
3.407500	10.325827
3.422000	8.544805
3.436500	8.642423
3.451000	10.505387
3.465500	13.480906
3.480000	16.624252
3.494500	19.052916
3.509000	20.494535
3.523500	21.259492
3.538000	21.445547
3.552500	20.917297
3.567000	19.756105
3.581500	17.963630
3.596000	15.130795
3.610500	11.520147
3.625000	8.349985
3.639500	6.032963
3.654000	4.076825
3.668500	2.438788
3.683000	1.402443
3.697500	0.933570
3.712000	0.865996
3.726500	0.998200
3.741000	1.064883
3.755500	0.962788
3.770000	0.758828
3.784500	0.468852
3.799000	0.167423
3.813500	0.009673
3.828000	0.025383
3.842500	0.058876
3.857000	0.004763
3.871500	0.123558
3.886000	0.992600
3.900500	3.454842
3.915000	7.640351
3.929500	11.676868
3.944000	13.603460
3.958500	13.005630
3.973000	10.375511
3.987500	6.835171
4.002000	3.743395
4.016500	1.684835
4.031000	0.536128
4.045500	0.063569
4.060000	0.009068
4.074500	0.102445
4.089000	0.264638
4.103500	0.432844
4.118000	0.352181
4.132500	0.106945
4.147000	0.002057
4.161500	0.008530
4.176000	0.000800
4.190500	0.009876
4.205000	0.006801
4.219500	0.010906
4.234000	0.105981
4.248500	0.131943
4.263000	0.005911
4.277500	0.221026
4.292000	1.079190
4.306500	1.721231
4.321000	1.473936
4.335500	0.944065
4.350000	0.745467
4.364500	1.154538
4.379000	2.392087
4.393500	4.173939
4.408000	5.503480
4.422500	5.556565
4.437000	4.607112
4.451500	3.409076
4.466000	2.328428
4.480500	1.418050
4.495000	0.669142
4.509500	0.134332
4.524000	0.041996
4.538500	0.712320
4.553000	1.985806
4.567500	3.287448
4.582000	4.129488
4.596500	3.920864
4.611000	2.545622
4.625500	1.205606
4.640000	0.596025
4.654500	0.393826
4.669000	0.298080
4.683500	0.208791
4.698000	0.135079
4.712500	0.163327
4.727000	0.438031
4.741500	1.192044
4.756000	2.600288
4.770500	4.661703
4.785000	6.543495
4.799500	6.710381
4.814000	4.874083
4.828500	2.305309
4.843000	0.589696
4.857500	0.041767
4.872000	0.017691
4.886500	0.112824
4.901000	0.232261
4.915500	0.406694
4.930000	0.746918
4.944500	1.262338
4.959000	1.647085
4.973500	1.650132
4.988000	1.371436
5.002500	1.079370
5.017000	0.994461
5.031500	1.160143
5.046000	1.464189
5.060500	1.503663
5.075000	0.931991
5.089500	0.169597
5.104000	0.094412
5.118500	0.892625
5.133000	1.505870
5.147500	0.848177
5.162000	0.005966
5.176500	0.841455
5.191000	2.945516
5.205500	4.720942
5.220000	5.322481
5.234500	5.031687
5.249000	4.235433
5.263500	3.116314
5.278000	2.114566
5.292500	1.508620
5.307000	1.148235
5.321500	0.729069
5.336000	0.109648
5.350500	0.259783
5.365000	1.465271
5.379500	1.955438
5.394000	1.168940
5.408500	0.169276
5.423000	0.178963
5.437500	1.452664
5.452000	3.148783
5.466500	4.104066
5.481000	3.655513
5.495500	2.464747
5.510000	1.506969
5.524500	1.111345
5.539000	1.195442
5.553500	1.465357
5.568000	1.500286
5.582500	1.089340
5.597000	0.467652
5.611500	0.057568
5.626000	0.019071
5.640500	0.093050
5.655000	0.089465
5.669500	0.078188
5.684000	0.067511
5.698500	0.030046
5.713000	0.011773
5.727500	0.023970
5.742000	0.029738
5.756500	0.000678
5.771000	0.274747
5.785500	1.585362
5.800000	3.936913
5.814500	6.105690
5.829000	6.998473
5.843500	6.634229
5.858000	5.799621
5.872500	4.938092
5.887000	4.028754
5.901500	3.252200
5.916000	2.810030
5.930500	2.458265
5.945000	1.897904
5.959500	1.188478
5.974000	0.588634
5.988500	0.301297
6.003000	0.301366
6.017500	0.580401
6.032000	1.181588
6.046500	1.934535
6.061000	2.738940
6.075500	3.928885
6.090000	5.725916
6.104500	7.770670
6.119000	8.959772
6.133500	8.259645
6.148000	6.330534
6.162500	4.476037
6.177000	3.198170
6.191500	2.443296
6.206000	1.988301
6.220500	1.594598
6.235000	1.118903
6.249500	0.567167
6.264000	0.101178
6.278500	0.057710
6.293000	0.750521
6.307500	2.065209
6.322000	3.287205
6.336500	3.839983
6.351000	3.656957
6.365500	2.736845
6.380000	1.401161
6.394500	0.404416
6.409000	0.037661
6.423500	0.000482
6.438000	0.063892
6.452500	0.930735
6.467000	4.048398
6.481500	9.154613
6.496000	13.425886
6.510500	13.976943
6.525000	11.241584
6.539500	7.915391
6.554000	5.627342
6.568500	4.513347
6.583000	3.858956
6.597500	2.975974
6.612000	1.871921
6.626500	0.954064
6.641000	0.487967
6.655500	0.389153
6.670000	0.509706
6.684500	0.691573
6.699000	0.635704
6.713500	0.226470
6.728000	0.030924
6.742500	1.036155
6.757000	3.197211
6.771500	4.889906
6.786000	4.538646
6.800500	2.818289
6.815000	1.204257
6.829500	0.236230
6.844000	0.009443
6.858500	0.261286
6.873000	0.474473
6.887500	0.483623
6.902000	0.306186
6.916500	0.047209
6.931000	0.045384
6.945500	0.283271
6.960000	0.517377
6.974500	0.785776
6.989000	1.071983
7.003500	1.208312
7.018000	1.100214
7.032500	0.764424
7.047000	0.336439
7.061500	0.051746
7.076000	0.003047
7.090500	0.036638
7.105000	0.045737
7.119500	0.046245
7.134000	0.086232
7.148500	0.188238
7.163000	0.272693
7.177500	0.292607
7.192000	0.312647
7.206500	0.352140
7.221000	0.374458
7.235500	0.307925
7.250000	0.147663
7.264500	0.029393
7.279000	0.000442
7.293500	0.000447
7.308000	0.000209
7.322500	0.000997
7.337000	0.000222
7.351500	0.004399
7.366000	0.000713
7.380500	0.033837
7.395000	0.353120
7.409500	1.367539
7.424000	3.204304
7.438500	5.351277
7.453000	6.933680
7.467500	7.244731
7.482000	6.121074
7.496500	4.136180
7.511000	2.252328
7.525500	1.010200
7.540000	0.399813
7.554500	0.150350
7.569000	0.040100
7.583500	0.000483
7.598000	0.112348
7.612500	0.422745
7.627000	0.636427
7.641500	0.500923
7.656000	0.169450
7.670500	0.000072
7.685000	0.195075
7.699500	0.584038
7.714000	0.845228
7.728500	0.901967
7.743000	0.812721
7.757500	0.605708
7.772000	0.393431
7.786500	0.309273
7.801000	0.456237
7.815500	1.132736
7.830000	2.896882
7.844500	6.104500
7.859000	10.030672
7.873500	12.807030
7.888000	12.573268
7.902500	9.293833
7.917000	5.195367
7.931500	2.077902
7.946000	0.355344
7.960500	0.035938
7.975000	0.594910
7.989500	1.365855
8.004000	2.465272
8.018500	3.856134
8.033000	4.607403
8.047500	4.077428
8.062000	2.587044
8.076500	1.085858
8.091000	0.219560
8.105500	0.013073
8.120000	0.578003
8.134500	1.951689
8.149000	3.680999
8.163500	5.127447
8.178000	6.013599
8.192500	6.762580
8.207000	7.568365
8.221500	7.964419
8.236000	8.676862
8.250500	11.687517
8.265000	17.564968
8.279500	24.417065
8.294000	28.933995
8.308500	28.434631
8.323000	23.603982
8.337500	17.598140
8.352000	13.109971
8.366500	10.530042
8.381000	8.516028
8.395500	5.821714
8.410000	2.454293
8.424500	0.212233
8.439000	0.373539
8.453500	2.218500
8.468000	4.854692
8.482500	7.790649
8.497000	10.696286
8.511500	13.219999
8.526000	14.950252
8.540500	15.994953
8.555000	16.694055
8.569500	16.837710
8.584000	15.797408
8.598500	12.933111
8.613000	8.731552
8.627500	4.767548
8.642000	2.116237
8.656500	0.817959
8.671000	0.373518
8.685500	0.339015
8.700000	0.485443
8.714500	0.595489
8.729000	0.420093
8.743500	0.070971
8.758000	0.055446
8.772500	0.437148
8.787000	0.834377
8.801500	1.018897
8.816000	1.125701
8.830500	1.275385
8.845000	1.323255
8.859500	1.236496
8.874000	1.195680
8.888500	1.052123
8.903000	0.547495
8.917500	0.086252
8.932000	0.007253
8.946500	0.021936
8.961000	0.058893
8.975500	0.833311
8.990000	2.376876
9.004500	3.554541
9.019000	3.442875
9.033500	2.339696
9.048000	1.123085
9.062500	0.340314
9.077000	0.065320
9.091500	0.058304
9.106000	0.267857
9.120500	0.837669
9.135000	1.920750
9.149500	3.885194
9.164000	6.966744
9.178500	11.019599
9.193000	15.405430
9.207500	19.007796
9.222000	20.781283
9.236500	20.887257
9.251000	20.888085
9.265500	21.631091
9.280000	22.499055
9.294500	23.349717
9.309000	24.846869
9.323500	25.565843
9.338000	22.703690
9.352500	16.473116
9.367000	9.611681
9.381500	4.743567
9.396000	2.341701
9.410500	1.194843
9.425000	0.498042
9.439500	0.148583
9.454000	0.027296
9.468500	0.000823
9.483000	0.044601
9.497500	0.100050
9.512000	0.139792
9.526500	0.258652
9.541000	0.814709
9.555500	2.895670
9.570000	7.094914
9.584500	11.148169
9.599000	12.307489
9.613500	9.990544
9.628000	5.630244
9.642500	1.884177
9.657000	0.312429
9.671500	0.013208
9.686000	0.022976
9.700500	0.188084
9.715000	0.575665
9.729500	1.057956
9.744000	1.147705
9.758500	0.741868
9.773000	0.283199
9.787500	0.033795
9.802000	0.020002
9.816500	0.163982
9.831000	0.370721
9.845500	0.662547
9.860000	1.156456
9.874500	2.034410
9.889000	3.322383
9.903500	4.409945
9.918000	4.595170
9.932500	3.892008
9.947000	2.850064
9.961500	2.037575
9.976000	1.689125
9.990500	1.796380
10.005000	2.261516
10.019500	2.875170
10.034000	3.112310
10.048500	2.495220
10.063000	1.257656
10.077500	0.271595
10.092000	0.009409
10.106500	0.014249
10.121000	0.419351
10.135500	2.127447
10.150000	4.506207
10.164500	6.069717
10.179000	6.937447
10.193500	7.496610
10.208000	7.665439
10.222500	7.520651
10.237000	7.186911
10.251500	6.787253
10.266000	6.216080
10.280500	4.587427
10.295000	1.991270
10.309500	0.228599
10.324000	0.112336
10.338500	0.508820
10.353000	0.434965
10.367500	0.329157
10.382000	0.609633
10.396500	1.786787
10.411000	4.514482
10.425500	8.727672
10.440000	13.647658
10.454500	18.480720
10.469000	22.011269
10.483500	23.047307
10.498000	21.739031
10.512500	19.398172
10.527000	17.821111
10.541500	17.927791
10.556000	19.329878
10.570500	21.271176
10.585000	23.212017
10.599500	24.845042
10.614000	26.051577
10.628500	26.445985
10.643000	25.413709
10.657500	22.820272
10.672000	19.030928
10.686500	14.487814
10.701000	9.755994
10.715500	5.548552
10.730000	2.546286
10.744500	1.037082
10.759000	0.500560
10.773500	0.314966
10.788000	0.194475
10.802500	0.065377
10.817000	0.000701
10.831500	0.130445
10.846000	0.341812
10.860500	0.268371
10.875000	0.024370
10.889500	0.134701
10.904000	0.714772
10.918500	1.318186
10.933000	1.909485
10.947500	2.845944
10.962000	4.136764
10.976500	5.119022
10.991000	4.569836
11.005500	2.479830
11.020000	0.537498
11.034500	0.008910
11.049000	0.384766
11.063500	0.544085
11.078000	0.282386
11.092500	0.051808
11.107000	0.003384
11.121500	0.017109
11.136000	0.172265
11.150500	0.561157
11.165000	0.871859
11.179500	0.654313
11.194000	0.145910
11.208500	0.018552
11.223000	0.238800
11.237500	0.231330
11.252000	0.011357
11.266500	0.214534
11.281000	0.944735
11.295500	1.447608
11.310000	1.285537
11.324500	0.719755
11.339000	0.122791
11.353500	0.096562
11.368000	0.709908
11.382500	1.035709
11.397000	0.813000
11.411500	0.390493
11.426000	0.069639
11.440500	0.002658
11.455000	0.031107
11.469500	0.039882
11.484000	0.129549
11.498500	0.447881
11.513000	0.942919
11.527500	1.451977
11.542000	1.925423
11.556500	2.383041
11.571000	2.918646
11.585500	3.608596
11.600000	4.372236
11.614500	4.921820
11.629000	4.875654
11.643500	3.989419
11.658000	2.656809
11.672500	1.556111
11.687000	0.866934
11.701500	0.483506
11.716000	0.398750
11.730500	0.692769
11.745000	1.379598
11.759500	2.080799
11.774000	2.274730
11.788500	1.746928
11.803000	0.798557
11.817500	0.118562
11.832000	0.009574
11.846500	0.103341
11.861000	0.170972
11.875500	0.208073
11.890000	0.201535
11.904500	0.137637
11.919000	0.038482
11.933500	0.009810
11.948000	0.246259
11.962500	0.767596
11.977000	1.219843
11.991500	1.306774
12.006000	1.031469
12.020500	0.565158
12.035000	0.144444
12.049500	0.005942
12.064000	0.310717
12.078500	0.872294
12.093000	1.147146
12.107500	0.756030
12.122000	0.125637
12.136500	0.112915
12.151000	1.041829
12.165500	2.375886
12.180000	3.273709
12.194500	3.337658
12.209000	2.914847
12.223500	2.398430
12.238000	1.725341
12.252500	0.923565
12.267000	0.302843
12.281500	0.013205
12.296000	0.149197
12.310500	0.928247
12.325000	2.502466
12.339500	4.870432
12.354000	7.731298
12.368500	9.755631
12.383000	9.306848
12.397500	6.782504
12.412000	3.945455
12.426500	2.112470
12.441000	1.349170
12.455500	1.046886
12.470000	0.807098
12.484500	0.585686
12.499000	0.381743
12.513500	0.174116
12.528000	0.044356
12.542500	0.010144
12.557000	0.000319
12.571500	0.039849
12.586000	0.204485
12.600500	0.255049
12.615000	0.101191
12.629500	0.001135
12.644000	0.253952
12.658500	1.111120
12.673000	2.751584
12.687500	5.073596
12.702000	7.049699
12.716500	7.139613
12.731000	4.732046
12.745500	1.546141
12.760000	0.026486
12.774500	0.496745
12.789000	1.168783
12.803500	1.001909
12.818000	0.491282
12.832500	0.132968
12.847000	0.004286
12.861500	0.055494
12.876000	0.346055
12.890500	0.856971
12.905000	1.322276
12.919500	1.495840
12.934000	1.463338
12.948500	1.586336
12.963000	1.845555
12.977500	1.678755
12.992000	0.910789
13.006500	0.139166
13.021000	0.109831
13.035500	0.990231
13.050000	2.020639
13.064500	2.223165
13.079000	1.536126
13.093500	0.651258
13.108000	0.165650
13.122500	0.022927
13.137000	0.002960
13.151500	0.097357
13.166000	0.382782
13.180500	0.793831
13.195000	0.973078
13.209500	0.571953
13.224000	0.020143
13.238500	0.434366
13.253000	1.769973
13.267500	2.756131
13.282000	2.596009
13.296500	1.877469
13.311000	1.311026
13.325500	0.923387
13.340000	0.619464
13.354500	0.420246
13.369000	0.298086
13.383500	0.199576
13.398000	0.130707
13.412500	0.112876
13.427000	0.181688
13.441500	0.452347
13.456000	0.948928
13.470500	1.395759
13.485000	1.753027
13.499500	2.227833
13.514000	2.704909
13.528500	2.954130
13.543000	2.988546
13.557500	2.851884
13.572000	2.560822
13.586500	2.305315
13.601000	2.375203
13.615500	3.118228
13.630000	5.095416
13.644500	8.479112
13.659000	12.305820
13.673500	15.033974
13.688000	15.477647
13.702500	13.336070
13.717000	9.660774
13.731500	6.393150
13.746000	4.061935
13.760500	1.804486
13.775000	0.150533
13.789500	0.384658
13.804000	2.105143
13.818500	4.081839
13.833000	5.169144
13.847500	4.794881
13.862000	3.336566
13.876500	1.649510
13.891000	0.578352
13.905500	0.208763
13.920000	0.145328
13.934500	0.195174
13.949000	0.355897
13.963500	0.642017
13.978000	0.950177
13.992500	1.196022
14.007000	1.441652
14.021500	1.643896
14.036000	1.592318
14.050500	1.369903
14.065000	1.309199
14.079500	1.671237
14.094000	2.738156
14.108500	4.625339
14.123000	6.925410
14.137500	8.790791
14.152000	9.575258
14.166500	9.493454
14.181000	9.047456
14.195500	8.309087
14.210000	7.245527
14.224500	5.986403
14.239000	4.534901
14.253500	2.882120
14.268000	1.565007
14.282500	0.982843
14.297000	0.870414
14.311500	0.877309
14.326000	0.847568
14.340500	0.746395
14.355000	0.598059
14.369500	0.453826
14.384000	0.310270
14.398500	0.170513
14.413000	0.081290
14.427500	0.046766
14.442000	0.043435
14.456500	0.045257
14.471000	0.021368
14.485500	0.005309
14.500000	0.035348
14.514500	0.260942
14.529000	0.754532
14.543500	1.006927
14.558000	0.549056
14.572500	0.067535
14.587000	0.023204
14.601500	0.211287
14.616000	0.554183
14.630500	1.095729
14.645000	1.946506
14.659500	3.212935
14.674000	4.713738
14.688500	5.930292
14.703000	6.253190
14.717500	5.395014
14.732000	4.275147
14.746500	3.960037
14.761000	4.257817
14.775500	4.482705
14.790000	4.593796
14.804500	4.710986
14.819000	4.454822
14.833500	3.696635
14.848000	2.871190
14.862500	2.458363
14.877000	2.931522
14.891500	4.334371
14.906000	5.618244
14.920500	5.659431
14.935000	4.470173
14.949500	2.819349
14.964000	1.522255
14.978500	0.910784
14.993000	0.846918
15.007500	1.098298
15.022000	1.508072
15.036500	2.081832
15.051000	2.915862
15.065500	4.061242
15.080000	5.200542
15.094500	5.406260
15.109000	4.341994
15.123500	2.765698
15.138000	1.488592
15.152500	0.803172
15.167000	0.573436
15.181500	0.603858
15.196000	0.760327
15.210500	0.976754
15.225000	1.426730
15.239500	2.396253
15.254000	3.742586
15.268500	4.793717
15.283000	4.868217
15.297500	4.046394
15.312000	3.170442
15.326500	2.703082
15.341000	2.583216
15.355500	2.807585
15.370000	3.512389
15.384500	4.610960
15.399000	5.583935
15.413500	5.148178
15.428000	2.810288
15.442500	0.616500
15.457000	0.006610
15.471500	0.654416
15.486000	1.903525
15.500500	3.117773
15.515000	4.109272
15.529500	5.276028
15.544000	6.966537
15.558500	9.267073
15.573000	11.912300
15.587500	14.206101
15.602000	15.577601
15.616500	15.800003
15.631000	14.508771
15.645500	11.658995
15.660000	8.059792
15.674500	4.628797
15.689000	1.955596
15.703500	0.412341
15.718000	0.000758
15.732500	0.298944
15.747000	0.778242
15.761500	0.941077
15.776000	0.540867
15.790500	0.087587
15.805000	0.006532
15.819500	0.046668
15.834000	0.004054
15.848500	0.095220
15.863000	0.576882
15.877500	1.272210
15.892000	1.698578
15.906500	1.564210
15.921000	1.101166
15.935500	0.813667
15.950000	0.686382
15.964500	0.322276
15.979000	0.007119
15.993500	0.122361
16.008000	0.472410
16.022500	1.184099
16.037000	2.169009
16.051500	2.698374
16.066000	2.512056
16.080500	1.960720
16.095000	1.584213
16.109500	1.717544
16.124000	2.369548
16.138500	3.379320
16.153000	4.481967
16.167500	5.508093
16.182000	6.644805
16.196500	7.993050
16.211000	9.111722
16.225500	9.228511
16.240000	7.854042
16.254500	5.429645
16.269000	2.922159
16.283500	1.069745
16.298000	0.148900
16.312500	0.021017
16.327000	0.215564
16.341500	0.225971
16.356000	0.043168
16.370500	0.011594
16.385000	0.072666
16.399500	0.051324
16.414000	0.001381
16.428500	0.031257
16.443000	0.108829
16.457500	0.168683
16.472000	0.182561
16.486500	0.172273
16.501000	0.285091
16.515500	0.777923
16.530000	1.485044
16.544500	1.585652
16.559000	0.925361
16.573500	0.176422
16.588000	0.045848
16.602500	0.582942
16.617000	1.183730
16.631500	1.042068
16.646000	0.141833
16.660500	0.549236
16.675000	3.909953
16.689500	8.755631
16.704000	11.906638
16.718500	12.748613
16.733000	13.180133
16.747500	14.748639
16.762000	17.472120
16.776500	18.959864
16.791000	17.121252
16.805500	13.064182
16.820000	8.510062
16.834500	4.304889
16.849000	1.379969
16.863500	0.138676
16.878000	0.054977
16.892500	0.367552
16.907000	0.582257
16.921500	0.596634
16.936000	0.458450
16.950500	0.270045
16.965000	0.188302
16.979500	0.228684
16.994000	0.231041
17.008500	0.103474
17.023000	0.010841
17.037500	0.000003
17.052000	0.030443
17.066500	0.347084
17.081000	0.994471
17.095500	1.403020
17.110000	1.197333
17.124500	0.820883
17.139000	0.741987
17.153500	0.836837
17.168000	0.734188
17.182500	0.325556
17.197000	0.001489
17.211500	0.469108
17.226000	2.127030
17.240500	4.354621
17.255000	5.930449
17.269500	5.999533
17.284000	4.542028
17.298500	2.374172
17.313000	0.741521
17.327500	0.101318
17.342000	0.000010
17.356500	0.010808
17.371000	0.000406
17.385500	0.032895
17.400000	0.066890
17.414500	0.002504
17.429000	0.103935
17.443500	0.463113
17.458000	0.884739
17.472500	1.265957
17.487000	1.846617
17.501500	2.959418
17.516000	4.714812
17.530500	6.772529
17.545000	8.364771
17.559500	8.811422
17.574000	7.863712
17.588500	5.494221
17.603000	2.426331
17.617500	0.300850
17.632000	0.230664
17.646500	1.592645
17.661000	2.703358
17.675500	2.850434
17.690000	2.472795
17.704500	2.219239
17.719000	2.258068
17.733500	2.353828
17.748000	2.280366
17.762500	2.013327
17.777000	1.772719
17.791500	1.772129
17.806000	1.917861
17.820500	1.978176
17.835000	1.880685
17.849500	1.761162
17.864000	1.928094
17.878500	2.568990
17.893000	3.485102
17.907500	4.358626
17.922000	5.096373
17.936500	5.513276
17.951000	5.359358
17.965500	5.034937
17.980000	5.175537
17.994500	5.770954
18.009000	6.371846
18.023500	6.433627
18.038000	5.598123
18.052500	4.074435
18.067000	2.346107
18.081500	0.828584
18.096000	0.076466
18.110500	0.003600
18.125000	0.005914
18.139500	0.379582
18.154000	1.661216
18.168500	3.017997
18.183000	3.264237
18.197500	2.556594
18.212000	1.893785
18.226500	1.925936
18.241000	2.828476
18.255500	4.440069
18.270000	5.588328
18.284500	5.042211
18.299000	3.238964
18.313500	1.358365
18.328000	0.204472
18.342500	0.053256
18.357000	0.621426
18.371500	1.529636
18.386000	2.774854
18.400500	4.420178
18.415000	6.259709
18.429500	7.588121
18.444000	7.456524
18.458500	5.477656
18.473000	2.552099
18.487500	0.449907
18.502000	0.059510
18.516500	1.056736
18.531000	2.603113
18.545500	3.811880
18.560000	4.245183
18.574500	4.010851
18.589000	3.233592
18.603500	1.991769
18.618000	0.621712
18.632500	0.009081
18.647000	1.263336
18.661500	4.346666
18.676000	7.508845
18.690500	8.845676
18.705000	8.603447
18.719500	7.976495
18.734000	7.447021
18.748500	6.933809
18.763000	6.154191
18.777500	5.541817
18.792000	6.216903
18.806500	8.353372
18.821000	10.515888
18.835500	10.134486
18.850000	6.153414
18.864500	1.909143
18.879000	0.159498
18.893500	0.010542
18.908000	0.004661
18.922500	0.034025
18.937000	0.073824
18.951500	0.000421
18.966000	0.312917
18.980500	1.847825
18.995000	4.742038
19.009500	7.743163
19.024000	9.543051
19.038500	9.859591
19.053000	8.687216
19.067500	6.277248
19.082000	3.537389
19.096500	1.433842
19.111000	0.432016
19.125500	0.172828
19.140000	0.190173
19.154500	0.339693
19.169000	0.521162
19.183500	0.677163
19.198000	0.985045
19.212500	1.496268
19.227000	1.766748
19.241500	1.570939
19.256000	1.234833
19.270500	1.091837
19.285000	1.345673
19.299500	2.044688
19.314000	3.053649
19.328500	4.334876
19.343000	5.878725
19.357500	7.118228
19.372000	7.114028
19.386500	5.233357
19.401000	2.527459
19.415500	0.804520
19.430000	0.182273
19.444500	0.025721
19.459000	0.004459
19.473500	0.019145
19.488000	0.059854
19.502500	0.060760
19.517000	0.042739
19.531500	0.066014
19.546000	0.184895
19.560500	0.471569
19.575000	0.850177
19.589500	1.032754
19.604000	0.805970
19.618500	0.298820
19.633000	0.000107
19.647500	0.321032
19.662000	0.625319
19.676500	0.370146
19.691000	0.040145
19.705500	0.056468
19.720000	0.318920
19.734500	0.549492
19.749000	0.627864
19.763500	0.447746
19.778000	0.104632
19.792500	0.026513
19.807000	0.372564
19.821500	0.609257
19.836000	0.386079
19.850500	0.135834
19.865000	0.054252
19.879500	0.069419
19.894000	0.200389
19.908500	0.547612
19.923000	1.098251
19.937500	1.680292
19.952000	2.165165
19.966500	2.455830
19.981000	2.343567
19.995500	1.821077
20.010000	1.263913
20.024500	0.938751
20.039000	0.886730
20.053500	1.188531
20.068000	2.147026
20.082500	4.078299
20.097000	6.772860
20.111500	9.012275
20.126000	9.190597
20.140500	7.489409
20.155000	5.384208
20.169500	3.760743
20.184000	2.786318
20.198500	2.309230
20.213000	2.129801
20.227500	2.164306
20.242000	2.227908
20.256500	1.840234
20.271000	0.915545
20.285500	0.110454
20.300000	0.118391
20.314500	0.681289
20.329000	0.946534
20.343500	0.674016
20.358000	0.347931
20.372500	0.267591
20.387000	0.349111
20.401500	0.448764
20.416000	0.509186
20.430500	0.556706
20.445000	0.640370
20.459500	0.836046
20.474000	1.220464
20.488500	1.779480
20.503000	2.355333
20.517500	2.859593
20.532000	3.359397
20.546500	3.665081
20.561000	3.405390
20.575500	2.777175
20.590000	2.208864
20.604500	1.707335
20.619000	1.149166
20.633500	0.559523
20.648000	0.093198
20.662500	0.079098
20.677000	0.844858
20.691500	1.860996
20.706000	2.169260
20.720500	1.676822
20.735000	0.898252
20.749500	0.305245
20.764000	0.042835
20.778500	0.001740
20.793000	0.036079
20.807500	0.069012
20.822000	0.109991
20.836500	0.200107
20.851000	0.304315
20.865500	0.369228
20.880000	0.512617
20.894500	0.764902
20.909000	0.731075
20.923500	0.329555
20.938000	0.042732
20.952500	0.011389
20.967000	0.102359
20.981500	0.132880
20.996000	0.035022
21.010500	0.034183
21.025000	0.437912
21.039500	1.079730
21.054000	1.236276
21.068500	0.677307
21.083000	0.040134
21.097500	0.510616
21.112000	2.969355
21.126500	5.928380
21.141000	7.350451
21.155500	7.666432
21.170000	7.536087
21.184500	6.802704
21.199000	5.493806
21.213500	3.833695
21.228000	2.139714
21.242500	0.833837
21.257000	0.158410
21.271500	0.001509
21.286000	0.210287
21.300500	0.868556
21.315000	2.096168
21.329500	3.678751
21.344000	4.880186
21.358500	5.149342
21.373000	4.675946
21.387500	3.855991
21.402000	3.003437
21.416500	2.591233
21.431000	2.985112
21.445500	3.880012
21.460000	4.375744
21.474500	3.796095
21.489000	2.378761
21.503500	1.152603
21.518000	0.568100
21.532500	0.375545
21.547000	0.256437
21.561500	0.032281
21.576000	0.236889
21.590500	1.901403
21.605000	5.143409
21.619500	8.519866
21.634000	9.994219
21.648500	8.637821
21.663000	5.664493
21.677500	2.968817
21.692000	1.579271
21.706500	1.220292
21.721000	0.957704
21.735500	0.329597
21.750000	0.005002
21.764500	0.544725
21.779000	1.365885
21.793500	1.577755
21.808000	1.316926
21.822500	1.341085
21.837000	2.532650
21.851500	6.028682
21.866000	12.282648
21.880500	19.610665
21.895000	24.661592
21.909500	24.547759
21.924000	19.346004
21.938500	12.460272
21.953000	7.074644
21.967500	4.270206
21.982000	3.589036
21.996500	4.459587
22.011000	6.153504
22.025500	6.975238
22.040000	5.851134
22.054500	3.577465
22.069000	1.756389
22.083500	1.049471
22.098000	1.183042
22.112500	2.026864
22.127000	3.491180
22.141500	5.262479
22.156000	7.255512
22.170500	9.460444
22.185000	11.177699
22.199500	11.488801
22.214000	10.076972
22.228500	7.750064
22.243000	5.833025
22.257500	4.837874
22.272000	4.568405
22.286500	4.477286
22.301000	3.992768
22.315500	3.158042
22.330000	2.379238
22.344500	1.886063
22.359000	1.604734
22.373500	1.163641
22.388000	0.491319
22.402500	0.044992
22.417000	0.060271
22.431500	0.314552
22.446000	0.476851
22.460500	0.466075
22.475000	0.515774
22.489500	1.006395
22.504000	2.179828
22.518500	3.567032
22.533000	4.217505
22.547500	3.549030
22.562000	1.873288
22.576500	0.373881
22.591000	0.022453
22.605500	0.448848
22.620000	0.587081
22.634500	0.220803
22.649000	0.003809
22.663500	0.068398
22.678000	0.246781
22.692500	0.363997
22.707000	0.245774
22.721500	0.054070
22.736000	0.002689
22.750500	0.072929
22.765000	0.131296
22.779500	0.080125
22.794000	0.001589
22.808500	0.090760
22.823000	0.426245
22.837500	0.845073
22.852000	1.022100
22.866500	0.726618
22.881000	0.197566
22.895500	0.015366
22.910000	0.523442
22.924500	1.481100
22.939000	2.033903
22.953500	1.520114
22.968000	0.674198
22.982500	0.249982
22.997000	0.190165
23.011500	0.401918
23.026000	0.892593
23.040500	1.465045
23.055000	1.960406
23.069500	2.186802
23.084000	1.754175
23.098500	0.919499
23.113000	0.338452
23.127500	0.151994
23.142000	0.238670
23.156500	0.494743
23.171000	0.543602
23.185500	0.395265
23.200000	0.316919
23.214500	0.197557
23.229000	0.016808
23.243500	0.098050
23.258000	0.656952
23.272500	1.900354
23.287000	3.840899
23.301500	5.846547
23.316000	6.971017
23.330500	6.504027
23.345000	4.832597
23.359500	3.082409
23.374000	2.043062
23.388500	1.922865
23.403000	2.799648
23.417500	4.875394
23.432000	7.939570
23.446500	11.136379
23.461000	13.410640
23.475500	14.216562
23.490000	13.882146
23.504500	13.048699
23.519000	12.171161
23.533500	11.349050
23.548000	10.431302
23.562500	9.479135
23.577000	8.764475
23.591500	8.407399
23.606000	8.232368
23.620500	7.492603
23.635000	5.707953
23.649500	3.659358
23.664000	2.180597
23.678500	1.399640
23.693000	0.953652
23.707500	0.355855
23.722000	0.028777
23.736500	1.761997
23.751000	6.880075
23.765500	13.300227
23.780000	17.531681
23.794500	18.522308
23.809000	17.963445
23.823500	18.157542
23.838000	20.183546
23.852500	23.604832
23.867000	25.854416
23.881500	24.435918
23.896000	19.888585
23.910500	14.073928
23.925000	8.341316
23.939500	3.666530
23.954000	0.746742
23.968500	0.031794
23.983000	1.091558
23.997500	2.280508
24.012000	1.974170
24.026500	0.756884
24.041000	0.052118
24.055500	0.087318
24.070000	0.382843
24.084500	0.601769
24.099000	0.685132
24.113500	0.565268
24.128000	0.284846
24.142500	0.065351
24.157000	0.000242
24.171500	0.076620
24.186000	0.254424
24.200500	0.446771
24.215000	0.789414
24.229500	1.754005
24.244000	3.317044
24.258500	4.410905
24.273000	4.771740
24.287500	5.029439
24.302000	5.491656
24.316500	5.974741
24.331000	5.559209
24.345500	3.841530
24.360000	1.869336
24.374500	0.570734
24.389000	0.054157
24.403500	0.033445
24.418000	0.303220
24.432500	0.737404
24.447000	1.014171
24.461500	0.934992
24.476000	0.617638
24.490500	0.253976
24.505000	0.019070
24.519500	0.110438
24.534000	0.760893
24.548500	1.621648
24.563000	1.813265
24.577500	1.126343
24.592000	0.206679
24.606500	0.168521
24.621000	1.708049
24.635500	3.698468
24.650000	4.912638
24.664500	5.477833
24.679000	5.282449
24.693500	4.025268
24.708000	2.199681
24.722500	0.665986
24.737000	0.023717
24.751500	0.137617
24.766000	0.560804
24.780500	1.144551
24.795000	2.134430
24.809500	3.494346
24.824000	4.107261
24.838500	3.537784
24.853000	2.786516
24.867500	2.552411
24.882000	3.061004
24.896500	4.332946
24.911000	6.136721
24.925500	8.415337
24.940000	11.267401
24.954500	13.982650
24.969000	15.111426
24.983500	13.273756
24.998000	8.813667
25.012500	4.070584
25.027000	1.140399
25.041500	0.165145
25.056000	0.005241
25.070500	0.015617
25.085000	0.098269
25.099500	0.252735
25.114000	0.444142
25.128500	0.622857
25.143000	0.913307
25.157500	1.605800
25.172000	2.868383
25.186500	4.402702
25.201000	5.228455
25.215500	4.813169
25.230000	3.934474
25.244500	3.268058
25.259000	2.815019
25.273500	2.240204
25.288000	1.259359
25.302500	0.262758
25.317000	0.056296
25.331500	0.842194
25.346000	1.796381
25.360500	2.267599
25.375000	2.239436
25.389500	1.719820
25.404000	0.993102
25.418500	0.583461
25.433000	0.510318
25.447500	0.505250
25.462000	0.419454
25.476500	0.292989
25.491000	0.187308
25.505500	0.128299
25.520000	0.059206
25.534500	0.002272
25.549000	0.214217
25.563500	0.713947
25.578000	1.319079
25.592500	1.865960
25.607000	2.029330
25.621500	1.817791
25.636000	1.806806
25.650500	2.294487
25.665000	3.046823
25.679500	3.679050
25.694000	3.907892
25.708500	3.461435
25.723000	2.358628
25.737500	1.252665
25.752000	0.593576
25.766500	0.196659
25.781000	0.000088
25.795500	0.239859
25.810000	0.850150
25.824500	1.377736
25.839000	1.424845
25.853500	1.075829
25.868000	0.668999
25.882500	0.412065
25.897000	0.317201
25.911500	0.333212
25.926000	0.393806
25.940500	0.433676
25.955000	0.562983
25.969500	1.075109
25.984000	2.181470
25.998500	3.591241
26.013000	4.233215
26.027500	3.308185
26.042000	1.649951
26.056500	0.458808
26.071000	0.035731
26.085500	0.010146
26.100000	0.058837
26.114500	0.089528
26.129000	0.076217
26.143500	0.035494
26.158000	0.005507
26.172500	0.005524
26.187000	0.083920
26.201500	0.316343
26.216000	0.700327
26.230500	0.967377
26.245000	0.789244
26.259500	0.314991
26.274000	0.007322
26.288500	0.196748
26.303000	0.915984
26.317500	2.054689
26.332000	3.501908
26.346500	5.142217
26.361000	7.131193
26.375500	9.910368
26.390000	13.039677
26.404500	15.137407
26.419000	15.766971
26.433500	15.363388
26.448000	14.031184
26.462500	11.928846
26.477000	9.563922
26.491500	7.374147
26.506000	5.672378
26.520500	4.511554
26.535000	3.691362
26.549500	3.074289
26.564000	2.682762
26.578500	2.812342
26.593000	3.949633
26.607500	5.763791
26.622000	6.693885
26.636500	5.905336
26.651000	3.998359
26.665500	2.036786
26.680000	0.768598
26.694500	0.254927
26.709000	0.119318
26.723500	0.085257
26.738000	0.087760
26.752500	0.188679
26.767000	0.457966
26.781500	0.724611
26.796000	0.734686
26.810500	0.492822
26.825000	0.209447
26.839500	0.048298
26.854000	0.000751
26.868500	0.018803
26.883000	0.088137
26.897500	0.238360
26.912000	0.611047
26.926500	1.304793
26.941000	1.832968
26.955500	1.687604
26.970000	1.135750
26.984500	0.485022
26.999000	0.020296
27.013500	0.279202
27.028000	1.337494
27.042500	2.588907
27.057000	3.272186
27.071500	3.248838
27.086000	2.965963
27.100500	2.895989
27.115000	3.349860
27.129500	4.567369
27.144000	6.459600
27.158500	8.118064
27.173000	8.734721
27.187500	8.505082
27.202000	7.940089
27.216500	7.422561
27.231000	7.169483
27.245500	7.180472
27.260000	7.305783
27.274500	7.406062
27.289000	7.443151
27.303500	7.435866
27.318000	7.388600
27.332500	7.290170
27.347000	7.148176
27.361500	6.990155
27.376000	6.835510
27.390500	6.683645
27.405000	6.528322
27.419500	6.371310
27.434000	6.219098
27.448500	6.074055
27.463000	5.934100
27.477500	5.798324
27.492000	5.668997
27.506500	5.548521
27.521000	5.437070
27.535500	5.333711
27.550000	5.238309
27.564500	5.151472
27.579000	5.073371
27.593500	5.003421
27.608000	4.940962
27.622500	4.885731
27.637000	4.837586
27.651500	4.796134
27.666000	4.760792
27.680500	4.731054
27.695000	4.706558
27.709500	4.686934
27.724000	4.671722
27.738500	4.660445
27.753000	4.652695
27.767500	4.648115
27.782000	4.646342
27.796500	4.647001
27.811000	4.649743
27.825500	4.654261
27.840000	4.660273
27.854500	4.667509
27.869000	4.675710
27.883500	4.684647
27.898000	4.694120
27.912500	4.703947
27.927000	4.713959
27.941500	4.724011
27.956000	4.733976
27.970500	4.743748
27.985000	4.753234
27.999500	4.762358
28.014000	4.771057
28.028500	4.779282
28.043000	4.786999
28.057500	4.794181
28.072000	4.800812
28.086500	4.806886
28.101000	4.812404
28.115500	4.817373
28.130000	4.821807
28.144500	4.825723
28.159000	4.829143
28.173500	4.832093
28.188000	4.834599
28.202500	4.836691
28.217000	4.838399
28.231500	4.839754
28.246000	4.840787
28.260500	4.841529
28.275000	4.842010
28.289500	4.842260
28.304000	4.842305
28.318500	4.842175
28.333000	4.841893
28.347500	4.841484
28.362000	4.840970
28.376500	4.840371
28.391000	4.839706
28.405500	4.838992
28.420000	4.838245
28.434500	4.837477
28.449000	4.836702
28.463500	4.835929
28.478000	4.835167
28.492500	4.834425
28.507000	4.833709
28.521500	4.833023
28.536000	4.832373
28.550500	4.831761
28.565000	4.831189
28.579500	4.830660
28.594000	4.830173
28.608500	4.829729
28.623000	4.829328
28.637500	4.828968
28.652000	4.828649
28.666500	4.828369
28.681000	4.828125
28.695500	4.827917
28.710000	4.827741
28.724500	4.827596
28.739000	4.827479
28.753500	4.827388
28.768000	4.827320
28.782500	4.827273
28.797000	4.827245
28.811500	4.827234
28.826000	4.827237
28.840500	4.827253
28.855000	4.827279
28.869500	4.827314
28.884000	4.827356
28.898500	4.827404
28.913000	4.827457
28.927500	4.827513
28.942000	4.827570
28.956500	4.827629
28.971000	4.827688
28.985500	4.827747
