0.000000	0.000000
0.014500	0.000001
0.029000	0.000007
0.043500	0.000015
0.058000	0.000020
0.072500	0.000022
0.087000	0.000024
0.101500	0.000026
0.116000	0.000028
0.130500	0.000028
0.145000	0.000028
0.159500	0.000028
0.174000	0.000027
0.188500	0.000026
0.203000	0.000025
0.217500	0.000024
0.232000	0.000022
0.246500	0.000021
0.261000	0.000018
0.275500	0.000016
0.290000	0.000015
0.304500	0.000014
0.319000	0.000013
0.333500	0.000012
0.348000	0.000011
0.362500	0.000011
0.377000	0.000010
0.391500	0.000010
0.406000	0.000009
0.420500	0.000008
0.435000	0.000007
0.449500	0.000006
0.464000	0.000005
0.478500	0.000004
0.493000	0.000003
0.507500	0.000002
0.522000	0.000000
0.536500	-0.000001
0.551000	-0.000002
0.565500	-0.000002
0.580000	-0.000002
0.594500	-0.000002
0.609000	-0.000002
0.623500	-0.000002
0.638000	-0.000002
0.652500	-0.000002
0.667000	-0.000002
0.681500	-0.000002
0.696000	-0.000001
0.710500	-0.000001
0.725000	-0.000001
0.739500	-0.000001
0.754000	-0.000002
0.768500	-0.000002
0.783000	-0.000002
0.797500	-0.000002
0.812000	-0.000001
0.826500	-0.000001
0.841000	0.000000
0.855500	0.000001
0.870000	0.000001
0.884500	0.000001
0.899000	0.000001
0.913500	0.000001
0.928000	0.000001
0.942500	0.000000
0.957000	-0.000000
0.971500	-0.000000
0.986000	0.000000
1.000500	0.000000
1.015000	0.000000
1.029500	0.000000
1.044000	0.000000
1.058500	0.000000
1.073000	0.000001
1.087500	0.000001
1.102000	0.000002
1.116500	0.000002
1.131000	0.000003
1.145500	0.000003
1.160000	0.000003
1.174500	0.000003
1.189000	0.000004
1.203500	0.000005
1.218000	0.000005
1.232500	0.000004
1.247000	0.000004
1.261500	0.000004
1.276000	0.000004
1.290500	0.000003
1.305000	0.000003
1.319500	0.000004
1.334000	0.000004
1.348500	0.000003
1.363000	0.000002
1.377500	0.000001
1.392000	0.000000
1.406500	-0.000000
1.421000	-0.000001
1.435500	-0.000001
1.450000	-0.000001
1.464500	-0.000000
1.479000	0.000001
1.493500	0.000001
1.508000	0.000002
1.522500	0.000002
1.537000	0.000002
1.551500	0.000002
1.566000	0.000001
1.580500	0.000001
1.595000	0.000002
1.609500	0.000002
1.624000	0.000002
1.638500	0.000002
1.653000	0.000002
1.667500	0.000001
1.682000	0.000001
1.696500	-0.000000
1.711000	-0.000001
1.725500	-0.000001
1.740000	-0.000001
1.754500	-0.000001
1.769000	-0.000001
1.783500	-0.000000
1.798000	-0.000000
1.812500	-0.000000
1.827000	-0.000000
1.841500	0.000000
1.856000	0.000000
1.870500	-0.000000
1.885000	-0.000001
1.899500	-0.000001
1.914000	-0.000002
1.928500	-0.000002
1.943000	-0.000003
1.957500	-0.000003
1.972000	-0.000003
1.986500	-0.000003
2.001000	-0.000002
2.015500	-0.000001
2.030000	-0.000000
2.044500	-0.000000
2.059000	0.000001
2.073500	0.000001
2.088000	0.000002
2.102500	0.000002
2.117000	0.000002
2.131500	0.000002
2.146000	0.000002
2.160500	0.000002
2.175000	0.000002
2.189500	0.000002
2.204000	0.000002
2.218500	0.000002
2.233000	0.000002
2.247500	0.000001
2.262000	0.000001
2.276500	0.000002
2.291000	0.000001
2.305500	0.000001
2.320000	0.000001
2.334500	0.000000
2.349000	-0.000000
2.363500	-0.000001
2.378000	-0.000001
2.392500	-0.000001
2.407000	-0.000000
2.421500	0.000001
2.436000	0.000002
2.450500	0.000003
2.465000	0.000003
2.479500	0.000002
2.494000	0.000001
2.508500	0.000001
2.523000	0.000001
2.537500	0.000001
2.552000	0.000001
2.566500	0.000001
2.581000	0.000002
2.595500	0.000002
2.610000	0.000003
2.624500	0.000003
2.639000	0.000003
2.653500	0.000003
2.668000	0.000002
2.682500	0.000001
2.697000	0.000001
2.711500	0.000001
2.726000	0.000001
2.740500	0.000001
2.755000	0.000001
2.769500	0.000001
2.784000	0.000001
2.798500	0.000001
2.813000	0.000001
2.827500	0.000000
2.842000	0.000000
2.856500	-0.000000
2.871000	0.000000
2.885500	0.000000
2.900000	0.000001
2.914500	0.000001
2.929000	0.000001
2.943500	0.000001
2.958000	0.000001
2.972500	0.000001
2.987000	0.000001
3.001500	0.000001
3.016000	0.000002
3.030500	0.000003
3.045000	0.000004
3.059500	0.000004
3.074000	0.000004
3.088500	0.000004
3.103000	0.000003
3.117500	0.000003
3.132000	0.000002
3.146500	0.000002
3.161000	0.000002
3.175500	0.000002
3.190000	0.000002
3.204500	0.000003
3.219000	0.000003
3.233500	0.000002
3.248000	0.000002
3.262500	0.000002
3.277000	0.000001
3.291500	0.000001
3.306000	0.000000
3.320500	-0.000001
3.335000	-0.000002
3.349500	-0.000003
3.364000	-0.000003
3.378500	-0.000003
3.393000	-0.000003
3.407500	-0.000002
3.422000	-0.000002
3.436500	-0.000002
3.451000	-0.000002
3.465500	-0.000002
3.480000	-0.000003
3.494500	-0.000003
3.509000	-0.000003
3.523500	-0.000003
3.538000	-0.000003
3.552500	-0.000003
3.567000	-0.000003
3.581500	-0.000003
3.596000	-0.000003
3.610500	-0.000002
3.625000	-0.000002
3.639500	-0.000001
3.654000	-0.000001
3.668500	-0.000001
3.683000	-0.000000
3.697500	0.000000
3.712000	0.000000
3.726500	0.000000
3.741000	-0.000000
3.755500	-0.000000
3.770000	0.000000
3.784500	0.000000
3.799000	0.000000
3.813500	0.000001
3.828000	0.000001
3.842500	0.000001
3.857000	0.000001
3.871500	0.000001
3.886000	0.000000
3.900500	-0.000000
3.915000	-0.000001
3.929500	-0.000002
3.944000	-0.000003
3.958500	-0.000003
3.973000	-0.000002
3.987500	-0.000002
4.002000	-0.000001
4.016500	-0.000000
4.031000	0.000000
4.045500	0.000001
4.060000	0.000001
4.074500	0.000001
4.089000	0.000001
4.103500	0.000002
4.118000	0.000002
4.132500	0.000002
4.147000	0.000001
4.161500	0.000001
4.176000	0.000001
4.190500	0.000001
4.205000	0.000001
4.219500	0.000001
4.234000	0.000001
4.248500	0.000000
4.263000	0.000001
4.277500	0.000001
4.292000	0.000002
4.306500	0.000002
4.321000	0.000002
4.335500	0.000002
4.350000	0.000002
4.364500	0.000002
4.379000	0.000002
4.393500	0.000003
4.408000	0.000003
4.422500	0.000003
4.437000	0.000003
4.451500	0.000003
4.466000	0.000002
4.480500	0.000002
4.495000	0.000002
4.509500	0.000002
4.524000	0.000001
4.538500	0.000000
4.553000	-0.000000
4.567500	-0.000001
4.582000	-0.000001
4.596500	-0.000001
4.611000	-0.000001
4.625500	-0.000000
4.640000	0.000000
4.654500	0.000001
4.669000	0.000001
4.683500	0.000000
4.698000	0.000000
4.712500	0.000001
4.727000	0.000001
4.741500	0.000000
4.756000	-0.000000
4.770500	-0.000001
4.785000	-0.000001
4.799500	-0.000002
4.814000	-0.000002
4.828500	-0.000001
4.843000	0.000000
4.857500	0.000001
4.872000	0.000001
4.886500	0.000001
4.901000	0.000001
4.915500	0.000001
4.930000	0.000002
4.944500	0.000002
4.959000	0.000002
4.973500	0.000002
4.988000	0.000002
5.002500	0.000002
5.017000	0.000002
5.031500	0.000002
5.046000	0.000002
5.060500	0.000002
5.075000	0.000002
5.089500	0.000002
5.104000	0.000001
5.118500	0.000000
5.133000	-0.000000
5.147500	-0.000000
5.162000	0.000000
5.176500	0.000001
5.191000	0.000003
5.205500	0.000003
5.220000	0.000003
5.234500	0.000003
5.249000	0.000003
5.263500	0.000003
5.278000	0.000003
5.292500	0.000002
5.307000	0.000002
5.321500	0.000002
5.336000	0.000002
5.350500	0.000001
5.365000	-0.000000
5.379500	-0.000001
5.394000	-0.000001
5.408500	0.000000
5.423000	0.000001
5.437500	0.000002
5.452000	0.000002
5.466500	0.000003
5.481000	0.000003
5.495500	0.000003
5.510000	0.000002
5.524500	0.000002
5.539000	0.000002
5.553500	0.000002
5.568000	0.000002
5.582500	0.000002
5.597000	0.000002
5.611500	0.000001
5.626000	0.000001
5.640500	0.000001
5.655000	0.000001
5.669500	0.000001
5.684000	0.000001
5.698500	0.000001
5.713000	0.000001
5.727500	0.000001
5.742000	0.000001
5.756500	0.000001
5.771000	0.000001
5.785500	0.000002
5.800000	0.000003
5.814500	0.000003
5.829000	0.000004
5.843500	0.000003
5.858000	0.000003
5.872500	0.000003
5.887000	0.000003
5.901500	0.000003
5.916000	0.000002
5.930500	0.000002
5.945000	0.000002
5.959500	0.000002
5.974000	0.000002
5.988500	0.000001
6.003000	0.000001
6.017500	0.000001
6.032000	0.000002
6.046500	0.000002
6.061000	0.000002
6.075500	0.000003
6.090000	0.000003
6.104500	0.000003
6.119000	0.000004
6.133500	0.000004
6.148000	0.000004
6.162500	0.000003
6.177000	0.000003
6.191500	0.000002
6.206000	0.000002
6.220500	0.000002
6.235000	0.000002
6.249500	0.000002
6.264000	0.000002
6.278500	0.000001
6.293000	0.000000
6.307500	-0.000000
6.322000	-0.000001
6.336500	-0.000001
6.351000	-0.000001
6.365500	-0.000001
6.380000	-0.000000
6.394500	0.000000
6.409000	0.000001
6.423500	0.000001
6.438000	0.000001
6.452500	0.000001
6.467000	-0.000000
6.481500	-0.000002
6.496000	-0.000003
6.510500	-0.000003
6.525000	-0.000003
6.539500	-0.000002
6.554000	-0.000001
6.568500	-0.000001
6.583000	-0.000001
6.597500	-0.000001
6.612000	-0.000001
6.626500	-0.000000
6.641000	0.000000
6.655500	0.000001
6.670000	0.000000
6.684500	0.000000
6.699000	0.000000
6.713500	0.000000
6.728000	0.000001
6.742500	0.000002
6.757000	0.000003
6.771500	0.000003
6.786000	0.000003
6.800500	0.000003
6.815000	0.000002
6.829500	0.000001
6.844000	0.000001
6.858500	0.000001
6.873000	0.000000
6.887500	0.000000
6.902000	0.000000
6.916500	0.000001
6.931000	0.000001
6.945500	0.000001
6.960000	0.000002
6.974500	0.000002
6.989000	0.000002
7.003500	0.000002
7.018000	0.000002
7.032500	0.000002
7.047000	0.000002
7.061500	0.000001
7.076000	0.000001
7.090500	0.000001
7.105000	0.000001
7.119500	0.000001
7.134000	0.000001
7.148500	0.000001
7.163000	0.000000
7.177500	0.000000
7.192000	0.000000
7.206500	0.000001
7.221000	0.000000
7.235500	0.000000
7.250000	0.000000
7.264500	0.000001
7.279000	0.000001
7.293500	0.000001
7.308000	0.000001
7.322500	0.000001
7.337000	0.000001
7.351500	0.000001
7.366000	0.000001
7.380500	0.000001
7.395000	0.000001
7.409500	0.000000
7.424000	-0.000000
7.438500	-0.000001
7.453000	-0.000002
7.467500	-0.000002
7.482000	-0.000002
7.496500	-0.000001
7.511000	-0.000001
7.525500	-0.000000
7.540000	0.000000
7.554500	0.000001
7.569000	0.000001
7.583500	0.000001
7.598000	0.000001
7.612500	0.000001
7.627000	0.000002
7.641500	0.000002
7.656000	0.000002
7.670500	0.000001
7.685000	0.000001
7.699500	0.000000
7.714000	0.000000
7.728500	0.000000
7.743000	0.000000
7.757500	0.000000
7.772000	0.000000
7.786500	0.000000
7.801000	0.000001
7.815500	0.000000
7.830000	-0.000000
7.844500	-0.000001
7.859000	-0.000002
7.873500	-0.000002
7.888000	-0.000003
7.902500	-0.000002
7.917000	-0.000002
7.931500	-0.000001
7.946000	0.000000
7.960500	0.000001
7.975000	0.000002
7.989500	0.000002
8.004000	0.000002
8.018500	0.000003
8.033000	0.000003
8.047500	0.000003
8.062000	0.000003
8.076500	0.000002
8.091000	0.000001
8.105500	0.000001
8.120000	0.000001
8.134500	0.000000
8.149000	-0.000001
8.163500	-0.000001
8.178000	-0.000001
8.192500	-0.000001
8.207000	-0.000001
8.221500	-0.000002
8.236000	-0.000002
8.250500	-0.000002
8.265000	-0.000002
8.279500	-0.000003
8.294000	-0.000004
8.308500	-0.000005
8.323000	-0.000004
8.337500	-0.000003
8.352000	-0.000002
8.366500	-0.000002
8.381000	-0.000002
8.395500	-0.000002
8.410000	-0.000001
8.424500	-0.000000
8.439000	0.000001
8.453500	0.000002
8.468000	0.000003
8.482500	0.000003
8.497000	0.000004
8.511500	0.000004
8.526000	0.000005
8.540500	0.000005
8.555000	0.000005
8.569500	0.000005
8.584000	0.000005
8.598500	0.000005
8.613000	0.000004
8.627500	0.000003
8.642000	0.000002
8.656500	0.000002
8.671000	0.000001
8.685500	0.000001
8.700000	0.000001
8.714500	0.000002
8.729000	0.000002
8.743500	0.000002
8.758000	0.000001
8.772500	0.000000
8.787000	-0.000000
8.801500	-0.000000
8.816000	0.000000
8.830500	0.000000
8.845000	-0.000000
8.859500	-0.000000
8.874000	-0.000000
8.888500	0.000000
8.903000	0.000000
8.917500	0.000000
8.932000	0.000001
8.946500	0.000001
8.961000	0.000001
8.975500	0.000001
8.990000	-0.000001
9.004500	-0.000001
9.019000	-0.000001
9.033500	-0.000001
9.048000	-0.000000
9.062500	0.000000
9.077000	0.000001
9.091500	0.000001
9.106000	0.000001
9.120500	0.000000
9.135000	-0.000000
9.149500	-0.000001
9.164000	-0.000001
9.178500	-0.000002
9.193000	-0.000003
9.207500	-0.000003
9.222000	-0.000003
9.236500	-0.000003
9.251000	-0.000003
9.265500	-0.000003
9.280000	-0.000003
9.294500	-0.000004
9.309000	-0.000004
9.323500	-0.000004
9.338000	-0.000004
9.352500	-0.000003
9.367000	-0.000002
9.381500	-0.000001
9.396000	-0.000000
9.410500	0.000000
9.425000	0.000000
9.439500	0.000000
9.454000	0.000001
9.468500	0.000001
9.483000	0.000001
9.497500	0.000001
9.512000	0.000001
9.526500	0.000001
9.541000	0.000002
9.555500	0.000002
9.570000	0.000003
9.584500	0.000004
9.599000	0.000005
9.613500	0.000004
9.628000	0.000003
9.642500	0.000002
9.657000	0.000002
9.671500	0.000001
9.686000	0.000001
9.700500	0.000001
9.715000	0.000001
9.729500	0.000000
9.744000	-0.000000
9.758500	-0.000000
9.773000	0.000000
9.787500	0.000001
9.802000	0.000001
9.816500	0.000001
9.831000	0.000001
9.845500	0.000002
9.860000	0.000002
9.874500	0.000002
9.889000	0.000002
9.903500	0.000003
9.918000	0.000003
9.932500	0.000003
9.947000	0.000003
9.961500	0.000002
9.976000	0.000002
9.990500	0.000002
10.005000	0.000002
10.019500	0.000002
10.034000	0.000003
10.048500	0.000003
10.063000	0.000002
10.077500	0.000002
10.092000	0.000001
10.106500	0.000001
10.121000	0.000001
10.135500	0.000002
10.150000	0.000003
10.164500	0.000004
10.179000	0.000003
10.193500	0.000003
10.208000	0.000003
10.222500	0.000004
10.237000	0.000004
10.251500	0.000003
10.266000	0.000003
10.280500	0.000003
10.295000	0.000003
10.309500	0.000002
10.324000	0.000001
10.338500	-0.000000
10.353000	-0.000000
10.367500	0.000001
10.382000	0.000001
10.396500	0.000000
10.411000	-0.000001
10.425500	-0.000002
10.440000	-0.000002
10.454500	-0.000003
10.469000	-0.000003
10.483500	-0.000004
10.498000	-0.000004
10.512500	-0.000003
10.527000	-0.000003
10.541500	-0.000003
10.556000	-0.000003
10.570500	-0.000003
10.585000	-0.000003
10.599500	-0.000004
10.614000	-0.000004
10.628500	-0.000004
10.643000	-0.000004
10.657500	-0.000004
10.672000	-0.000003
10.686500	-0.000003
10.701000	-0.000002
10.715500	-0.000002
10.730000	-0.000001
10.744500	0.000000
10.759000	0.000000
10.773500	0.000001
10.788000	0.000000
10.802500	0.000001
10.817000	0.000001
10.831500	0.000001
10.846000	0.000002
10.860500	0.000002
10.875000	0.000001
10.889500	0.000001
10.904000	0.000000
10.918500	-0.000000
10.933000	-0.000000
10.947500	-0.000000
10.962000	-0.000001
10.976500	-0.000001
10.991000	-0.000001
11.005500	-0.000001
11.020000	-0.000000
11.034500	0.000001
11.049000	0.000002
11.063500	0.000002
11.078000	0.000002
11.092500	0.000001
11.107000	0.000001
11.121500	0.000001
11.136000	0.000001
11.150500	0.000002
11.165000	0.000002
11.179500	0.000002
11.194000	0.000002
11.208500	0.000001
11.223000	0.000000
11.237500	0.000000
11.252000	0.000000
11.266500	0.000001
11.281000	0.000002
11.295500	0.000002
11.310000	0.000002
11.324500	0.000002
11.339000	0.000001
11.353500	0.000001
11.368000	0.000000
11.382500	-0.000000
11.397000	-0.000000
11.411500	0.000000
11.426000	0.000001
11.440500	0.000001
11.455000	0.000001
11.469500	0.000001
11.484000	0.000001
11.498500	0.000001
11.513000	0.000002
11.527500	0.000002
11.542000	0.000002
11.556500	0.000002
11.571000	0.000002
11.585500	0.000003
11.600000	0.000003
11.614500	0.000003
11.629000	0.000003
11.643500	0.000003
11.658000	0.000003
11.672500	0.000002
11.687000	0.000002
11.701500	0.000002
11.716000	0.000002
11.730500	0.000002
11.745000	0.000002
11.759500	0.000002
11.774000	0.000003
11.788500	0.000003
11.803000	0.000002
11.817500	0.000001
11.832000	0.000001
11.846500	0.000001
11.861000	0.000001
11.875500	0.000001
11.890000	0.000001
11.904500	0.000001
11.919000	0.000001
11.933500	0.000001
11.948000	0.000001
11.962500	0.000002
11.977000	0.000002
11.991500	0.000002
12.006000	0.000002
12.020500	0.000002
12.035000	0.000001
12.049500	0.000001
12.064000	0.000001
12.078500	0.000000
12.093000	-0.000000
12.107500	-0.000000
12.122000	0.000000
12.136500	0.000001
12.151000	0.000002
12.165500	0.000002
12.180000	0.000003
12.194500	0.000003
12.209000	0.000003
12.223500	0.000002
12.238000	0.000002
12.252500	0.000002
12.267000	0.000002
12.281500	0.000001
12.296000	0.000001
12.310500	0.000000
12.325000	-0.000000
12.339500	-0.000001
12.354000	-0.000002
12.368500	-0.000002
12.383000	-0.000002
12.397500	-0.000002
12.412000	-0.000001
12.426500	-0.000000
12.441000	0.000000
12.455500	0.000000
12.470000	-0.000000
12.484500	0.000000
12.499000	0.000000
12.513500	0.000001
12.528000	0.000001
12.542500	0.000001
12.557000	0.000001
12.571500	0.000001
12.586000	0.000001
12.600500	0.000002
12.615000	0.000002
12.629500	0.000001
12.644000	0.000001
12.658500	0.000000
12.673000	-0.000000
12.687500	-0.000001
12.702000	-0.000001
12.716500	-0.000002
12.731000	-0.000002
12.745500	-0.000001
12.760000	0.000001
12.774500	0.000002
12.789000	0.000002
12.803500	0.000002
12.818000	0.000002
12.832500	0.000001
12.847000	0.000001
12.861500	0.000001
12.876000	0.000001
12.890500	0.000000
12.905000	-0.000000
12.919500	-0.000000
12.934000	-0.000000
12.948500	-0.000000
12.963000	-0.000000
12.977500	-0.000000
12.992000	-0.000000
13.006500	0.000000
13.021000	0.000001
13.035500	0.000002
13.050000	0.000002
13.064500	0.000003
13.079000	0.000002
13.093500	0.000002
13.108000	0.000001
13.122500	0.000001
13.137000	0.000001
13.151500	0.000001
13.166000	0.000001
13.180500	0.000000
13.195000	-0.000000
13.209500	-0.000000
13.224000	0.000000
13.238500	0.000001
13.253000	0.000002
13.267500	0.000003
13.282000	0.000003
13.296500	0.000002
13.311000	0.000002
13.325500	0.000002
13.340000	0.000002
13.354500	0.000002
13.369000	0.000001
13.383500	0.000001
13.398000	0.000001
13.412500	0.000001
13.427000	0.000001
13.441500	0.000001
13.456000	0.000002
13.470500	0.000002
13.485000	0.000002
13.499500	0.000002
13.514000	0.000002
13.528500	0.000003
13.543000	0.000003
13.557500	0.000003
13.572000	0.000002
13.586500	0.000002
13.601000	0.000002
13.615500	0.000002
13.630000	0.000003
13.644500	0.000003
13.659000	0.000004
13.673500	0.000005
13.688000	0.000005
13.702500	0.000005
13.717000	0.000004
13.731500	0.000003
13.746000	0.000003
13.760500	0.000002
13.775000	0.000002
13.789500	0.000001
13.804000	-0.000000
13.818500	-0.000001
13.833000	-0.000001
13.847500	-0.000001
13.862000	-0.000001
13.876500	-0.000001
13.891000	0.000000
13.905500	0.000001
13.920000	0.000001
13.934500	0.000001
13.949000	0.000000
13.963500	0.000000
13.978000	0.000000
13.992500	0.000000
14.007000	-0.000000
14.021500	-0.000000
14.036000	-0.000000
14.050500	-0.000000
14.065000	-0.000000
14.079500	-0.000000
14.094000	-0.000000
14.108500	-0.000001
14.123000	-0.000001
14.137500	-0.000002
14.152000	-0.000002
14.166500	-0.000002
14.181000	-0.000002
14.195500	-0.000002
14.210000	-0.000002
14.224500	-0.000001
14.239000	-0.000001
14.253500	-0.000001
14.268000	-0.000000
14.282500	0.000000
14.297000	0.000000
14.311500	0.000000
14.326000	-0.000000
14.340500	0.000000
14.355000	0.000000
14.369500	0.000000
14.384000	0.000000
14.398500	0.000000
14.413000	0.000001
14.427500	0.000001
14.442000	0.000001
14.456500	0.000001
14.471000	0.000001
14.485500	0.000001
14.500000	0.000001
14.514500	0.000001
14.529000	0.000000
14.543500	-0.000000
14.558000	-0.000000
14.572500	0.000000
14.587000	0.000001
14.601500	0.000002
14.616000	0.000002
14.630500	0.000002
14.645000	0.000002
14.659500	0.000003
14.674000	0.000003
14.688500	0.000003
14.703000	0.000003
14.717500	0.000003
14.732000	0.000003
14.746500	0.000003
14.761000	0.000003
14.775500	0.000003
14.790000	0.000003
14.804500	0.000003
14.819000	0.000003
14.833500	0.000003
14.848000	0.000003
14.862500	0.000002
14.877000	0.000002
14.891500	0.000002
14.906000	0.000003
14.920500	0.000004
14.935000	0.000003
14.949500	0.000003
14.964000	0.000002
14.978500	0.000002
14.993000	0.000002
15.007500	0.000002
15.022000	0.000002
15.036500	0.000002
15.051000	0.000002
15.065500	0.000003
15.080000	0.000003
15.094500	0.000003
15.109000	0.000003
15.123500	0.000003
15.138000	0.000002
15.152500	0.000002
15.167000	0.000002
15.181500	0.000002
15.196000	0.000002
15.210500	0.000002
15.225000	0.000002
15.239500	0.000002
15.254000	0.000003
15.268500	0.000003
15.283000	0.000003
15.297500	0.000003
15.312000	0.000003
15.326500	0.000002
15.341000	0.000002
15.355500	0.000003
15.370000	0.000003
15.384500	0.000003
15.399000	0.000003
15.413500	0.000003
15.428000	0.000003
15.442500	0.000002
15.457000	0.000001
15.471500	0.000000
15.486000	-0.000000
15.500500	-0.000000
15.515000	-0.000001
15.529500	-0.000001
15.544000	-0.000001
15.558500	-0.000002
15.573000	-0.000002
15.587500	-0.000003
15.602000	-0.000003
15.616500	-0.000003
15.631000	-0.000003
15.645500	-0.000002
15.660000	-0.000002
15.674500	-0.000001
15.689000	-0.000001
15.703500	0.000000
15.718000	0.000001
15.732500	0.000001
15.747000	0.000002
15.761500	0.000002
15.776000	0.000002
15.790500	0.000002
15.805000	0.000001
15.819500	0.000001
15.834000	0.000001
15.848500	0.000001
15.863000	0.000002
15.877500	0.000002
15.892000	0.000002
15.906500	0.000002
15.921000	0.000002
15.935500	0.000002
15.950000	0.000002
15.964500	0.000002
15.979000	0.000002
15.993500	0.000001
16.008000	0.000000
16.022500	-0.000000
16.037000	-0.000000
16.051500	-0.000000
16.066000	-0.000001
16.080500	-0.000001
16.095000	-0.000000
16.109500	0.000000
16.124000	-0.000000
16.138500	-0.000001
16.153000	-0.000001
16.167500	-0.000001
16.182000	-0.000001
16.196500	-0.000001
16.211000	-0.000002
16.225500	-0.000002
16.240000	-0.000002
16.254500	-0.000001
16.269000	-0.000001
16.283500	-0.000000
16.298000	0.000000
16.312500	0.000001
16.327000	0.000001
16.341500	0.000002
16.356000	0.000001
16.370500	0.000001
16.385000	0.000001
16.399500	0.000001
16.414000	0.000001
16.428500	0.000001
16.443000	0.000001
16.457500	0.000001
16.472000	0.000001
16.486500	0.000001
16.501000	0.000001
16.515500	0.000001
16.530000	0.000002
16.544500	0.000002
16.559000	0.000002
16.573500	0.000002
16.588000	0.000001
16.602500	0.000000
16.617000	-0.000000
16.631500	-0.000000
16.646000	0.000000
16.660500	0.000001
16.675000	0.000002
16.689500	0.000004
16.704000	0.000005
16.718500	0.000004
16.733000	0.000004
16.747500	0.000004
16.762000	0.000005
16.776500	0.000005
16.791000	0.000005
16.805500	0.000005
16.820000	0.000004
16.834500	0.000003
16.849000	0.000002
16.863500	0.000002
16.878000	0.000001
16.892500	0.000000
16.907000	0.000000
16.921500	0.000000
16.936000	0.000000
16.950500	0.000000
16.965000	0.000001
16.979500	0.000001
16.994000	0.000001
17.008500	0.000000
17.023000	0.000001
17.037500	0.000001
17.052000	0.000001
17.066500	0.000001
17.081000	0.000000
17.095500	-0.000000
17.110000	-0.000000
17.124500	0.000000
17.139000	0.000000
17.153500	0.000000
17.168000	-0.000000
17.182500	0.000000
17.197000	0.000001
17.211500	0.000001
17.226000	0.000002
17.240500	0.000003
17.255000	0.000003
17.269500	0.000003
17.284000	0.000003
17.298500	0.000003
17.313000	0.000002
17.327500	0.000001
17.342000	0.000001
17.356500	0.000001
17.371000	0.000001
17.385500	0.000001
17.400000	0.000001
17.414500	0.000001
17.429000	0.000001
17.443500	0.000000
17.458000	-0.000000
17.472500	-0.000000
17.487000	-0.000000
17.501500	-0.000000
17.516000	-0.000001
17.530500	-0.000001
17.545000	-0.000002
17.559500	-0.000002
17.574000	-0.000002
17.588500	-0.000002
17.603000	-0.000001
17.617500	-0.000000
17.632000	0.000001
17.646500	0.000002
17.661000	0.000003
17.675500	0.000003
17.690000	0.000002
17.704500	0.000002
17.719000	0.000002
17.733500	0.000002
17.748000	0.000002
17.762500	0.000002
17.777000	0.000002
17.791500	0.000002
17.806000	0.000002
17.820500	0.000002
17.835000	0.000002
17.849500	0.000002
17.864000	0.000002
17.878500	0.000002
17.893000	0.000003
17.907500	0.000003
17.922000	0.000003
17.936500	0.000003
17.951000	0.000003
17.965500	0.000003
17.980000	0.000003
17.994500	0.000003
18.009000	0.000003
18.023500	0.000003
18.038000	0.000003
18.052500	0.000003
18.067000	0.000003
18.081500	0.000002
18.096000	0.000001
18.110500	0.000001
18.125000	0.000001
18.139500	0.000001
18.154000	0.000002
18.168500	0.000003
18.183000	0.000003
18.197500	0.000003
18.212000	0.000002
18.226500	0.000002
18.241000	0.000002
18.255500	0.000003
18.270000	0.000003
18.284500	0.000003
18.299000	0.000003
18.313500	0.000002
18.328000	0.000002
18.342500	0.000001
18.357000	0.000000
18.371500	-0.000000
18.386000	-0.000000
18.400500	-0.000001
18.415000	-0.000001
18.429500	-0.000002
18.444000	-0.000002
18.458500	-0.000002
18.473000	-0.000001
18.487500	0.000000
18.502000	0.000001
18.516500	0.000002
18.531000	0.000002
18.545500	0.000003
18.560000	0.000003
18.574500	0.000003
18.589000	0.000003
18.603500	0.000002
18.618000	0.000002
18.632500	0.000001
18.647000	0.000000
18.661500	-0.000001
18.676000	-0.000002
18.690500	-0.000002
18.705000	-0.000002
18.719500	-0.000002
18.734000	-0.000001
18.748500	-0.000001
18.763000	-0.000002
18.777500	-0.000001
18.792000	-0.000001
18.806500	-0.000001
18.821000	-0.000002
18.835500	-0.000003
18.850000	-0.000002
18.864500	-0.000001
18.879000	0.000001
18.893500	0.000002
18.908000	0.000001
18.922500	0.000001
18.937000	0.000000
18.951500	0.000001
18.966000	0.000001
18.980500	0.000002
18.995000	0.000003
19.009500	0.000003
19.024000	0.000004
19.038500	0.000004
19.053000	0.000004
19.067500	0.000003
19.082000	0.000003
19.096500	0.000002
19.111000	0.000002
19.125500	0.000001
19.140000	0.000001
19.154500	0.000001
19.169000	0.000002
19.183500	0.000002
19.198000	0.000002
19.212500	0.000002
19.227000	0.000002
19.241500	0.000002
19.256000	0.000002
19.270500	0.000002
19.285000	0.000002
19.299500	0.000002
19.314000	0.000003
19.328500	0.000003
19.343000	0.000003
19.357500	0.000003
19.372000	0.000004
19.386500	0.000004
19.401000	0.000003
19.415500	0.000002
19.430000	0.000001
19.444500	0.000001
19.459000	0.000001
19.473500	0.000001
19.488000	0.000001
19.502500	0.000001
19.517000	0.000001
19.531500	0.000001
19.546000	0.000001
19.560500	0.000001
19.575000	0.000002
19.589500	0.000002
19.604000	0.000002
19.618500	0.000002
19.633000	0.000001
19.647500	0.000001
19.662000	0.000000
19.676500	-0.000000
19.691000	0.000000
19.705500	0.000001
19.720000	0.000002
19.734500	0.000002
19.749000	0.000002
19.763500	0.000002
19.778000	0.000002
19.792500	0.000001
19.807000	0.000000
19.821500	-0.000000
19.836000	0.000000
19.850500	0.000001
19.865000	0.000001
19.879500	0.000001
19.894000	0.000001
19.908500	0.000000
19.923000	0.000000
19.937500	-0.000000
19.952000	-0.000000
19.966500	-0.000001
19.981000	-0.000001
19.995500	-0.000000
20.010000	-0.000000
20.024500	0.000000
20.039000	0.000000
20.053500	0.000000
20.068000	-0.000000
20.082500	-0.000001
20.097000	-0.000001
20.111500	-0.000002
20.126000	-0.000002
20.140500	-0.000002
20.155000	-0.000001
20.169500	-0.000001
20.184000	-0.000001
20.198500	-0.000000
20.213000	-0.000000
20.227500	-0.000000
20.242000	-0.000000
20.256500	-0.000000
20.271000	-0.000000
20.285500	0.000000
20.300000	0.000001
20.314500	0.000002
20.329000	0.000002
20.343500	0.000002
20.358000	0.000002
20.372500	0.000001
20.387000	0.000001
20.401500	0.000002
20.416000	0.000002
20.430500	0.000002
20.445000	0.000002
20.459500	0.000002
20.474000	0.000002
20.488500	0.000002
20.503000	0.000002
20.517500	0.000002
20.532000	0.000003
20.546500	0.000003
20.561000	0.000003
20.575500	0.000003
20.590000	0.000002
20.604500	0.000002
20.619000	0.000002
20.633500	0.000002
20.648000	0.000002
20.662500	0.000001
20.677000	0.000000
20.691500	-0.000000
20.706000	-0.000001
20.720500	-0.000001
20.735000	-0.000000
20.749500	0.000000
20.764000	0.000001
20.778500	0.000001
20.793000	0.000001
20.807500	0.000001
20.822000	0.000001
20.836500	0.000001
20.851000	0.000001
20.865500	0.000002
20.880000	0.000002
20.894500	0.000002
20.909000	0.000002
20.923500	0.000002
20.938000	0.000001
20.952500	0.000001
20.967000	0.000000
20.981500	0.000001
20.996000	0.000001
21.010500	0.000001
21.025000	0.000001
21.039500	0.000002
21.054000	0.000002
21.068500	0.000002
21.083000	0.000002
21.097500	0.000001
21.112000	-0.000000
21.126500	-0.000001
21.141000	-0.000002
21.155500	-0.000002
21.170000	-0.000001
21.184500	-0.000001
21.199000	-0.000001
21.213500	-0.000001
21.228000	-0.000001
21.242500	0.000000
21.257000	0.000001
21.271500	0.000001
21.286000	0.000001
21.300500	0.000002
21.315000	0.000002
21.329500	0.000003
21.344000	0.000003
21.358500	0.000003
21.373000	0.000003
21.387500	0.000003
21.402000	0.000003
21.416500	0.000002
21.431000	0.000002
21.445500	0.000003
21.460000	0.000003
21.474500	0.000003
21.489000	0.000003
21.503500	0.000002
21.518000	0.000001
21.532500	0.000001
21.547000	0.000002
21.561500	0.000002
21.576000	0.000001
21.590500	0.000000
21.605000	-0.000001
21.619500	-0.000002
21.634000	-0.000002
21.648500	-0.000002
21.663000	-0.000002
21.677500	-0.000001
21.692000	-0.000000
21.706500	0.000000
21.721000	0.000000
21.735500	-0.000000
21.750000	0.000000
21.764500	0.000002
21.779000	0.000002
21.793500	0.000002
21.808000	0.000002
21.822500	0.000002
21.837000	0.000002
21.851500	0.000003
21.866000	0.000004
21.880500	0.000005
21.895000	0.000006
21.909500	0.000006
21.924000	0.000006
21.938500	0.000005
21.953000	0.000004
21.967500	0.000003
21.982000	0.000002
21.996500	0.000003
22.011000	0.000003
22.025500	0.000004
22.040000	0.000004
22.054500	0.000003
22.069000	0.000002
22.083500	0.000002
22.098000	0.000002
22.112500	0.000002
22.127000	0.000003
22.141500	0.000003
22.156000	0.000003
22.170500	0.000004
22.185000	0.000004
22.199500	0.000004
22.214000	0.000004
22.228500	0.000004
22.243000	0.000003
22.257500	0.000003
22.272000	0.000003
22.286500	0.000003
22.301000	0.000003
22.315500	0.000003
22.330000	0.000002
22.344500	0.000002
22.359000	0.000002
22.373500	0.000002
22.388000	0.000002
22.402500	0.000001
22.417000	0.000001
22.431500	0.000000
22.446000	0.000000
22.460500	0.000000
22.475000	0.000000
22.489500	0.000000
22.504000	-0.000000
22.518500	-0.000001
22.533000	-0.000001
22.547500	-0.000001
22.562000	-0.000001
22.576500	0.000000
22.591000	0.000001
22.605500	0.000002
22.620000	0.000002
22.634500	0.000002
22.649000	0.000001
22.663500	0.000001
22.678000	0.000000
22.692500	0.000000
22.707000	0.000000
22.721500	0.000001
22.736000	0.000001
22.750500	0.000001
22.765000	0.000001
22.779500	0.000001
22.794000	0.000001
22.808500	0.000001
22.823000	0.000001
22.837500	0.000000
22.852000	-0.000000
22.866500	-0.000000
22.881000	0.000000
22.895500	0.000001
22.910000	0.000001
22.924500	0.000002
22.939000	0.000002
22.953500	0.000002
22.968000	0.000002
22.982500	0.000001
22.997000	0.000001
23.011500	0.000001
23.026000	0.000002
23.040500	0.000002
23.055000	0.000002
23.069500	0.000002
23.084000	0.000002
23.098500	0.000002
23.113000	0.000002
23.127500	0.000001
23.142000	0.000001
23.156500	0.000001
23.171000	0.000002
23.185500	0.000002
23.200000	0.000001
23.214500	0.000001
23.229000	0.000001
23.243500	0.000001
23.258000	0.000000
23.272500	-0.000000
23.287000	-0.000001
23.301500	-0.000001
23.316000	-0.000001
23.330500	-0.000002
23.345000	-0.000001
23.359500	-0.000001
23.374000	-0.000000
23.388500	-0.000000
23.403000	-0.000000
23.417500	-0.000001
23.432000	-0.000001
23.446500	-0.000002
23.461000	-0.000002
23.475500	-0.000003
23.490000	-0.000003
23.504500	-0.000002
23.519000	-0.000002
23.533500	-0.000002
23.548000	-0.000002
23.562500	-0.000002
23.577000	-0.000002
23.591500	-0.000002
23.606000	-0.000002
23.620500	-0.000002
23.635000	-0.000002
23.649500	-0.000001
23.664000	-0.000000
23.678500	0.000000
23.693000	0.000000
23.707500	0.000000
23.722000	0.000000
23.736500	0.000002
23.751000	0.000003
23.765500	0.000004
23.780000	0.000005
23.794500	0.000005
23.809000	0.000005
23.823500	0.000005
23.838000	0.000005
23.852500	0.000005
23.867000	0.000006
23.881500	0.000006
23.896000	0.000006
23.910500	0.000005
23.925000	0.000004
23.939500	0.000003
23.954000	0.000002
23.968500	0.000001
23.983000	0.000000
23.997500	-0.000001
24.012000	-0.000001
24.026500	-0.000000
24.041000	0.000001
24.055500	0.000001
24.070000	0.000002
24.084500	0.000002
24.099000	0.000002
24.113500	0.000002
24.128000	0.000002
24.142500	0.000001
24.157000	0.000001
24.171500	0.000001
24.186000	0.000001
24.200500	0.000000
24.215000	0.000000
24.229500	0.000000
24.244000	-0.000000
24.258500	-0.000001
24.273000	-0.000001
24.287500	-0.000001
24.302000	-0.000001
24.316500	-0.000001
24.331000	-0.000001
24.345500	-0.000001
24.360000	-0.000001
24.374500	0.000000
24.389000	0.000001
24.403500	0.000001
24.418000	0.000001
24.432500	0.000002
24.447000	0.000002
24.461500	0.000002
24.476000	0.000002
24.490500	0.000001
24.505000	0.000001
24.519500	0.000001
24.534000	0.000000
24.548500	-0.000000
24.563000	-0.000001
24.577500	-0.000000
24.592000	0.000000
24.606500	0.000001
24.621000	0.000002
24.635500	0.000003
24.650000	0.000003
24.664500	0.000003
24.679000	0.000003
24.693500	0.000003
24.708000	0.000003
24.722500	0.000002
24.737000	0.000001
24.751500	0.000001
24.766000	0.000000
24.780500	0.000000
24.795000	-0.000000
24.809500	-0.000001
24.824000	-0.000001
24.838500	-0.000001
24.853000	-0.000001
24.867500	-0.000000
24.882000	-0.000000
24.896500	-0.000001
24.911000	-0.000001
24.925500	-0.000002
24.940000	-0.000002
24.954500	-0.000002
24.969000	-0.000003
24.983500	-0.000003
24.998000	-0.000002
25.012500	-0.000001
25.027000	-0.000000
25.041500	0.000001
25.056000	0.000001
25.070500	0.000001
25.085000	0.000001
25.099500	0.000001
25.114000	0.000002
25.128500	0.000002
25.143000	0.000002
25.157500	0.000002
25.172000	0.000002
25.186500	0.000003
25.201000	0.000003
25.215500	0.000003
25.230000	0.000003
25.244500	0.000003
25.259000	0.000002
25.273500	0.000003
25.288000	0.000002
25.302500	0.000002
25.317000	0.000001
25.331500	0.000000
25.346000	-0.000000
25.360500	-0.000001
25.375000	-0.000000
25.389500	-0.000000
25.404000	-0.000000
25.418500	0.000000
25.433000	0.000000
25.447500	0.000000
25.462000	0.000000
25.476500	0.000000
25.491000	0.000001
25.505500	0.000001
25.520000	0.000001
25.534500	0.000001
25.549000	0.000001
25.563500	0.000002
25.578000	0.000002
25.592500	0.000002
25.607000	0.000002
25.621500	0.000002
25.636000	0.000002
25.650500	0.000002
25.665000	0.000002
25.679500	0.000003
25.694000	0.000003
25.708500	0.000003
25.723000	0.000003
25.737500	0.000002
25.752000	0.000002
25.766500	0.000001
25.781000	0.000001
25.795500	0.000001
25.810000	0.000000
25.824500	-0.000000
25.839000	-0.000000
25.853500	-0.000000
25.868000	0.000000
25.882500	0.000000
25.897000	0.000000
25.911500	0.000000
25.926000	0.000000
25.940500	0.000000
25.955000	0.000000
25.969500	0.000000
25.984000	-0.000000
25.998500	-0.000001
26.013000	-0.000001
26.027500	-0.000001
26.042000	-0.000001
26.056500	0.000000
26.071000	0.000001
26.085500	0.000001
26.100000	0.000001
26.114500	0.000001
26.129000	0.000001
26.143500	0.000001
26.158000	0.000001
26.172500	0.000001
26.187000	0.000001
26.201500	0.000001
26.216000	0.000000
26.230500	-0.000000
26.245000	-0.000000
26.259500	0.000000
26.274000	0.000001
26.288500	0.000001
26.303000	0.000002
26.317500	0.000002
26.332000	0.000003
26.346500	0.000003
26.361000	0.000003
26.375500	0.000004
26.390000	0.000004
26.404500	0.000005
26.419000	0.000005
26.433500	0.000005
26.448000	0.000004
26.462500	0.000004
26.477000	0.000004
26.491500	0.000004
26.506000	0.000003
26.520500	0.000003
26.535000	0.000003
26.549500	0.000003
26.564000	0.000003
26.578500	0.000002
26.593000	0.000002
26.607500	0.000003
26.622000	0.000004
26.636500	0.000004
26.651000	0.000003
26.665500	0.000002
26.680000	0.000002
26.694500	0.000001
26.709000	0.000001
26.723500	0.000001
26.738000	0.000001
26.752500	0.000001
26.767000	0.000001
26.781500	0.000002
26.796000	0.000002
26.810500	0.000002
26.825000	0.000001
26.839500	0.000001
26.854000	0.000001
26.868500	0.000001
26.883000	0.000001
26.897500	0.000001
26.912000	0.000000
26.926500	0.000000
26.941000	-0.000000
26.955500	-0.000001
26.970000	-0.000000
26.984500	0.000000
26.999000	0.000001
27.013500	0.000001
27.028000	0.000002
27.042500	0.000002
27.057000	0.000003
27.071500	0.000003
27.086000	0.000003
27.100500	0.000002
27.115000	0.000003
27.129500	0.000003
27.144000	0.000003
27.158500	0.000004
27.173000	0.000004
27.187500	0.000004
27.202000	0.000004
27.216500	0.000003
27.231000	0.000003
27.245500	0.000003
27.260000	0.000003
27.274500	0.000003
27.289000	0.000003
27.303500	0.000003
27.318000	0.000003
27.332500	0.000003
27.347000	0.000003
27.361500	0.000003
27.376000	0.000003
27.390500	0.000003
27.405000	0.000003
27.419500	0.000003
27.434000	0.000003
27.448500	0.000003
27.463000	0.000003
27.477500	0.000003
27.492000	0.000003
27.506500	0.000003
27.521000	0.000003
27.535500	0.000003
27.550000	0.000003
27.564500	0.000003
27.579000	0.000003
27.593500	0.000003
27.608000	0.000003
27.622500	0.000003
27.637000	0.000003
27.651500	0.000003
27.666000	0.000003
27.680500	0.000003
27.695000	0.000003
27.709500	0.000003
27.724000	0.000003
27.738500	0.000003
27.753000	0.000003
27.767500	0.000003
27.782000	0.000003
27.796500	0.000003
27.811000	0.000003
27.825500	0.000003
27.840000	0.000003
27.854500	0.000003
27.869000	0.000003
27.883500	0.000003
27.898000	0.000003
27.912500	0.000003
27.927000	0.000003
27.941500	0.000003
27.956000	0.000003
27.970500	0.000003
27.985000	0.000003
27.999500	0.000003
28.014000	0.000003
28.028500	0.000003
28.043000	0.000003
28.057500	0.000003
28.072000	0.000003
28.086500	0.000003
28.101000	0.000003
28.115500	0.000003
28.130000	0.000003
28.144500	0.000003
28.159000	0.000003
28.173500	0.000003
28.188000	0.000003
28.202500	0.000003
28.217000	0.000003
28.231500	0.000003
28.246000	0.000003
28.260500	0.000003
28.275000	0.000003
28.289500	0.000003
28.304000	0.000003
28.318500	0.000003
28.333000	0.000003
28.347500	0.000003
28.362000	0.000003
28.376500	0.000003
28.391000	0.000003
28.405500	0.000003
28.420000	0.000003
28.434500	0.000003
28.449000	0.000003
28.463500	0.000003
28.478000	0.000003
28.492500	0.000003
28.507000	0.000003
28.521500	0.000003
28.536000	0.000003
28.550500	0.000003
28.565000	0.000003
28.579500	0.000003
28.594000	0.000003
28.608500	0.000003
28.623000	0.000003
28.637500	0.000003
28.652000	0.000003
28.666500	0.000003
28.681000	0.000003
28.695500	0.000003
28.710000	0.000003
28.724500	0.000003
28.739000	0.000003
28.753500	0.000003
28.768000	0.000003
28.782500	0.000003
28.797000	0.000003
28.811500	0.000003
28.826000	0.000003
28.840500	0.000003
28.855000	0.000003
28.869500	0.000003
28.884000	0.000003
28.898500	0.000003
28.913000	0.000003
28.927500	0.000003
28.942000	0.000003
28.956500	0.000003
28.971000	0.000003
28.985500	0.000003
