0	0.010708
.0043633231	0.010673
.0087266462	0.010578
.0130899693	0.010423
.0174532925	0.010208
.0218166156	0.0099323
.0261799387	0.0095971
.0305432619	0.0092032
.0349065850	0.0087495
.0392699081	0.0082379
.0436332312	0.00767
.0479965544	0.0070469
.0523598775	0.0063656
.0567232006	0.0056276
.0610865238	0.0048355
.0654498469	0.003993
.0698131700	0.0030969
.0741764932	0.0021498
.0785398163	0.0011539
.0829031394	0.00011161
.0872664625	-0.00097696
.0916297857	-0.0021098
.0959931088	-0.0032888
.1003564319	-0.004506
.1047197551	-0.0057639
.1090830782	-0.0070594
.1134464013	-0.0083894
.1178097245	-0.0097526
.1221730476	-0.011145
.1265363707	-0.012568
.1308996938	-0.014013
.1352630170	-0.015479
.1396263401	-0.016965
.1439896632	-0.018466
.1483529864	-0.019977
.1527163095	-0.021494
.1570796326	-0.023013
.1614429558	-0.024528
.1658062789	-0.026036
.1701696020	-0.027528
.1745329251	-0.028998
.1788962483	-0.03044
.1832595714	-0.031844
.1876228945	-0.0332
.1919862177	-0.034496
.1963495408	-0.035714
.2007128639	-0.036848
.2050761871	-0.037893
.2094395102	-0.038807
.2138028333	-0.039576
.2181661564	-0.040181
.2225294796	-0.040562
.2268928027	-0.04075
.2312561258	-0.040734
.2356194490	-0.040515
.2399827721	-0.040145
.2443460952	-0.039606
.2487094184	-0.038878
.2530727415	-0.037994
.2574360646	-0.03701
.2617993877	-0.035988
.2661627109	-0.034892
.2705260340	-0.033798
.2748893571	-0.032792
.2792526803	-0.031759
.2836160034	-0.030722
.2879793265	-0.029767
.2923426497	-0.028943
.2967059728	-0.028118
.3010692959	-0.027347
.3054326190	-0.026696
.3097959422	-0.026097
.3141592653	-0.025479
.3185225884	-0.024906
.3228859116	-0.024355
.3272492347	-0.023849
.3316125578	-0.023345
.3359758809	-0.022846
.3403392041	-0.022379
.3447025272	-0.021943
.3490658503	-0.021508
.3534291735	-0.021071
.3577924966	-0.020629
.3621558197	-0.020221
.3665191429	-0.019811
.3708824660	-0.019388
.3752457891	-0.01896
.3796091122	-0.018537
.3839724354	-0.018134
.3883357585	-0.017728
.3926990816	-0.017322
.3970624048	-0.01691
.4014257279	-0.016486
.4057890510	-0.016052
.4101523742	-0.015604
.4145156973	-0.015127
.4188790204	-0.014676
.4232423435	-0.014239
.4276056667	-0.013798
.4319689898	-0.013359
.4363323129	-0.012908
.4406956361	-0.012446
.4450589592	-0.011969
.4494222823	-0.0115
.4537856055	-0.01103
.4581489286	-0.010559
.4625122517	-0.010085
.4668755748	-0.0095965
.4712388980	-0.009118
.4756022211	-0.008626
.4799655442	-0.0081296
.4843288674	-0.0076243
.4886921905	-0.0071287
.4930555136	-0.0066311
.4974188368	-0.0061242
.5017821599	-0.0056357
.5061454830	-0.0051371
.5105088061	-0.0046458
.5148721293	-0.0036852
.5192354524	-0.0031855
.5235987755	-0.0026835
