0	-3.5965e-06
.0043633231	0.059725
.0087266462	0.062632
.0130899693	0.06553
.0174532925	0.068409
.0218166156	0.071269
.0261799387	0.074121
.0305432619	0.076953
.0349065850	0.079762
.0392699081	0.082552
.0436332312	0.085316
.0479965544	0.088032
.0523598775	0.090767
.0567232006	0.093461
.0610865238	0.09612
.0654498469	0.098747
.0698131700	0.10134
.0741764932	0.1039
.0785398163	0.10644
.0829031394	0.10892
.0872664625	0.11137
.0916297857	0.11377
.0959931088	0.11613
.1003564319	0.11845
.1047197551	0.12074
.1090830782	0.12302
.1134464013	0.12526
.1178097245	0.12745
.1221730476	0.12961
.1265363707	0.13172
.1308996938	0.13377
