0	0.017796
.0043633231	0.017784
.0087266462	0.017745
.0130899693	0.017696
.0174532925	0.01759
.0218166156	0.017479
.0261799387	0.017437
.0305432619	0.017294
.0349065850	0.017262
.0392699081	0.016807
.0436332312	0.016918
.0479965544	0.016494
.0523598775	0.016581
.0567232006	0.016165
.0610865238	0.015917
.0654498469	0.015649
.0698131700	0.01492
.0741764932	0.015268
.0785398163	0.015084
.0829031394	0.015162
.0872664625	0.014364
.0916297857	0.014342
.0959931088	0.013037
.1003564319	0.012294
.1047197551	0.01158
.1090830782	0.011937
.1134464013	0.010997
.1178097245	0.011104
.1221730476	0.011032
.1265363707	0.010381
.1308996938	0.0098998
.1352630170	0.0090042
.1396263401	0.0091599
.1439896632	0.0084129
.1483529864	0.0076078
.1527163095	0.0069778
.1570796326	0.0060171
.1614429558	0.0060473
.1658062789	0.0050546
.1701696020	0.0041917
.1745329251	0.0035549
.1788962483	0.0032263
.1832595714	0.002038
.1876228945	0.0013549
.1919862177	0.0019366
.1963495408	0.00029722
.2007128639	-0.00016346
.2050761871	-0.00013351
.2094395102	-0.00034938
.2138028333	-0.0019189
.2181661564	-0.0023268
.2225294796	-0.0027764
.2268928027	-0.0034842
.2312561258	-0.0043197
.2356194490	-0.0049134
.2399827721	-0.0055872
.2443460952	-0.0062502
.2487094184	-0.0067405
.2530727415	-0.0073057
.2574360646	-0.0078325
.2617993877	-0.0079272
.2661627109	-0.0087436
.2705260340	-0.0091965
.2748893571	-0.0093626
.2792526803	-0.0098942
.2836160034	-0.010282
.2879793265	-0.010535
.2923426497	-0.011023
.2967059728	-0.011378
.3010692959	-0.011693
.3054326190	-0.012009
.3097959422	-0.012296
.3141592653	-0.012328
.3185225884	-0.012661
.3228859116	-0.012799
.3272492347	-0.012716
.3316125578	-0.012784
.3359758809	-0.012895
.3403392041	-0.012942
.3447025272	-0.012834
.3490658503	-0.012707
.3534291735	-0.012702
.3577924966	-0.012592
.3621558197	-0.012664
.3665191429	-0.012522
.3708824660	-0.012249
.3752457891	-0.012092
.3796091122	-0.011891
.3839724354	-0.011698
.3883357585	-0.011492
.3926990816	-0.011314
.3970624048	-0.011083
.4014257279	-0.010841
.4057890510	-0.010569
.4101523742	-0.010316
.4145156973	-0.010045
.4188790204	-0.0097918
.4232423435	-0.0094008
.4276056667	-0.0091183
.4319689898	-0.0089433
.4363323129	-0.0086206
.4406956361	-0.0083806
.4450589592	-0.0080598
.4494222823	-0.0078237
.4537856055	-0.0074994
.4581489286	-0.00724
.4625122517	-0.0069919
.4668755748	-0.0067517
.4712388980	-0.0065745
.4756022211	-0.0063259
.4799655442	-0.0061281
.4843288674	-0.0061179
.4886921905	-0.0059381
.4930555136	-0.0057383
.4974188368	-0.0055851
.5017821599	-0.0054729
.5061454830	-0.0053535
.5105088061	-0.0052457
.5148721293	-0.0051495
.5192354524	-0.0050616
.5235987755	-0.0049822
