0	0.0099645670574014157811
.0043633231	0.0099180588183597831464
.0087266462	0.0098085331671849476654
.0130899693	0.0096358200020425031213
.0174532925	0.0094000537452436153107
.0218166156	0.0091013306125370119215
.0261799387	0.0087398531789222126676
.0305432619	0.0083157429886148662851
.0349065850	0.0078299477671212071306
.0392699081	0.007282365947091536118
.0436332312	0.0066737659479184337566
.0479965544	0.0060043819191572629299
.0523598775	0.0052755080456650133708
.0567232006	0.004487167810371412574
.0610865238	0.0036410169912348051315
.0654498469	0.0027376419577469627599
.0698131700	0.0017787761862885945012
.0741764932	0.00076441646332926337787
.0785398163	-0.00030354156046700771047
.0829031394	-0.0014247439400778161723
.0872664625	-0.0025967307864103728043
.0916297857	-0.0038190034555311757822
.0959931088	-0.0050896245450435875779
.1003564319	-0.0064075767366261150368
.1047197551	-0.0077709386598223198495
.1090830782	-0.0091774683309730105407
.1134464013	-0.010625913334348750794
.1178097245	-0.012114796851919297851
.1221730476	-0.013641712109650363724
.1265363707	-0.015203682762128660141
.1308996938	-0.016800081841868569343
.1352630170	-0.018427598579948904767
.1396263401	-0.020083369496934413978
.1439896632	-0.021765779651919607562
.1483529864	-0.023471354403585661247
