0	0.00082317
.0043633231	0.0072316
.0087266462	0.01758
.0130899693	0.035938
.0174532925	0.050293
.0218166156	0.049983
.0261799387	0.03847
.0305432619	-0.015876
.0349065850	-0.045803
.0392699081	-0.046993
.0436332312	-0.012188
.0479965544	-0.014955
.0523598775	0.012637
.0567232006	0.036681
.0610865238	0.022743
.0654498469	0.027295
.0698131700	0.061795
.0741764932	0.038907
.0785398163	0.053985
.0829031394	0.044879
.0872664625	0.050477
.0916297857	0.064173
.0959931088	0.065178
.1003564319	0.067764
.1047197551	0.068184
.1090830782	0.071404
.1134464013	0.069971
.1178097245	0.071094
.1221730476	0.07618
.1265363707	0.076493
.1308996938	0.079327
.1352630170	0.079206
.1396263401	0.076411
.1439896632	0.080996
.1483529864	0.081054
.1527163095	0.083851
.1570796326	0.088101
.1614429558	0.092932
.1658062789	0.090288
.1701696020	0.095248
.1745329251	0.099584
.1788962483	0.10159
.1832595714	0.10358
.1876228945	0.10557
.1919862177	0.10736
.1963495408	0.10912
.2007128639	0.11102
.2050761871	0.11292
.2094395102	0.11483
.2138028333	0.11649
.2181661564	0.11838
.2225294796	0.12024
.2268928027	0.12209
.2312561258	0.12395
.2356194490	0.1258
.2399827721	0.12754
.2443460952	0.12944
.2487094184	0.13132
.2530727415	0.13322
.2574360646	0.13512
.2617993877	0.13705
.2661627109	0.139
.2705260340	0.14098
.2748893571	0.14297
.2792526803	0.14531
.2836160034	0.14813
.2879793265	0.15128
.2923426497	0.15452
.2967059728	0.15772
.3010692959	0.16079
.3054326190	0.16386
.3097959422	0.16695
.3141592653	0.17004
.3185225884	0.17316
.3228859116	0.17635
.3272492347	0.17961
.3316125578	0.18291
.3359758809	0.1862
.3403392041	0.18953
.3447025272	0.19289
.3490658503	0.19636
.3534291735	0.19989
.3577924966	0.20343
.3621558197	0.20695
.3665191429	0.21047
.3708824660	0.21401
.3752457891	0.21755
.3796091122	0.22112
.3839724354	0.22469
.3883357585	0.22821
.3926990816	0.23177
.3970624048	0.23533
.4014257279	0.23888
.4057890510	0.2424
.4101523742	0.24589
.4145156973	0.24939
.4188790204	0.25285
.4232423435	0.25629
.4276056667	0.25949
.4319689898	0.26284
.4363323129	0.26613
.4406956361	0.26936
.4450589592	0.27253
.4494222823	0.27564
.4537856055	0.27867
.4581489286	0.2816
.4625122517	0.28446
.4668755748	0.28725
.4712388980	0.28995
.4756022211	0.2926
.4799655442	0.29516
.4843288674	0.29764
.4886921905	0.29993
.4930555136	0.30224
.4974188368	0.3045
.5017821599	0.30667
.5061454830	0.30876
.5105088061	0.3108
.5148721293	0.31267
.5192354524	0.31455
.5235987755	0.31626
