0	0.0045927907311753713576
.0043633231	0.015664111306391392819
.0087266462	0.026732468112849187142
.0130899693	0.037795161316369535465
.0174532925	0.04884814020019992431
.0218166156	0.05988800891706969054
.0261799387	0.070910389088412628666
.0305432619	0.081921568521568219334
.0349065850	0.092919258443889790611
.0392699081	0.10389503876729382081
.0436332312	0.11484611329527108503
.0479965544	0.12576377870415961224
.0523598775	0.13664146454890871429
.0567232006	0.14747689222039978008
.0610865238	0.1582603219742433065
.0654498469	0.16898649332341025842
.0698131700	0.17964790030767568974
.0741764932	0.19024798559181074764
.0785398163	0.20077495188673885607
.0829031394	0.21122810281849180303
.0872664625	0.22159859360718542343
.0916297857	0.23188205060190378304
.0959931088	0.24207583591943512835
.1003564319	0.25217241455230027247
.1047197551	0.26216424606168886591
.1090830782	0.27206471445140006926
.1134464013	0.28184885298940098863
.1178097245	0.29151786511195881824
.1221730476	0.30106238904914633947
.1265363707	0.31048571016622966701
.1308996938	0.3197697323158916749
.1352630170	0.32891150078026232251
.1396263401	0.33790936431224333214
.1439896632	0.34676002461030663859
.1483529864	0.35545378222691975667
