0	0.00044468
.0043633231	0.0095375
.0087266462	0.018094
.0130899693	0.024907
.0174532925	0.033739
.0218166156	0.040379
.0261799387	0.047563
.0305432619	0.050862
.0349065850	0.060254
.0392699081	0.068427
.0436332312	0.076223
.0479965544	0.079455
.0523598775	0.08319
.0567232006	0.089118
.0610865238	0.098891
.0654498469	0.10101
.0698131700	0.1201
.0741764932	0.17786
.0785398163	0.1346
.0829031394	0.18275
.0872664625	0.1677
.0916297857	0.16278
.0959931088	0.23363
.1003564319	0.22464
.1047197551	0.23147
.1090830782	0.20394
.1134464013	0.26224
.1178097245	0.23541
.1221730476	0.21834
.1265363707	0.22533
.1308996938	0.23357
.1352630170	0.23993
.1396263401	0.28661
.1439896632	0.28324
.1483529864	0.27318
.1527163095	0.28486
.1570796326	0.31909
.1614429558	0.31505
.1658062789	0.29379
.1701696020	0.28943
.1745329251	0.30585
.1788962483	0.333
.1832595714	0.3272
.1876228945	0.33474
.1919862177	0.33278
.1963495408	0.35884
.2007128639	0.34654
.2050761871	0.37259
.2094395102	0.37281
.2138028333	0.37927
.2181661564	0.40111
.2225294796	0.40068
.2268928027	0.39844
.2312561258	0.41287
.2356194490	0.41881
.2399827721	0.43021
.2443460952	0.43572
.2487094184	0.43932
.2530727415	0.44293
.2574360646	0.44852
.2617993877	0.45526
.2661627109	0.45892
.2705260340	0.46607
.2748893571	0.47165
.2792526803	0.47649
.2836160034	0.48194
.2879793265	0.48736
.2923426497	0.49241
.2967059728	0.49729
.3010692959	0.50093
.3054326190	0.50734
.3097959422	0.51513
.3141592653	0.52238
.3185225884	0.52765
.3228859116	0.53491
.3272492347	0.54209
.3316125578	0.54694
.3359758809	0.55549
.3403392041	0.55989
.3447025272	0.56713
.3490658503	0.57477
.3534291735	0.58031
.3577924966	0.5864
.3621558197	0.59213
.3665191429	0.59897
.3708824660	0.60643
.3752457891	0.61302
.3796091122	0.61962
.3839724354	0.62624
.3883357585	0.63278
.3926990816	0.63946
.3970624048	0.64602
.4014257279	0.65178
.4057890510	0.65823
.4101523742	0.66481
.4145156973	0.6712
.4188790204	0.6777
.4232423435	0.68384
.4276056667	0.69012
.4319689898	0.6956
.4363323129	0.70251
.4406956361	0.70747
.4450589592	0.71428
.4494222823	0.71943
.4537856055	0.72617
.4581489286	0.73199
.4625122517	0.73766
.4668755748	0.74329
.4712388980	0.74824
.4756022211	0.75439
.4799655442	0.75965
.4843288674	0.7632
.4886921905	0.76822
.4930555136	0.77383
.4974188368	0.77873
.5017821599	0.78299
.5061454830	0.78752
.5105088061	0.7919
.5148721293	0.79607
.5192354524	0.80015
.5235987755	0.80409
