0	0.054507
.0043633231	0.0572
.0087266462	0.059882
.0130899693	0.062539
.0174532925	0.06519
.0218166156	0.067836
.0261799387	0.070465
.0305432619	0.073077
.0349065850	0.075698
.0392699081	0.078275
.0436332312	0.080839
.0479965544	0.08338
.0523598775	0.085912
.0567232006	0.088416
.0610865238	0.090898
.0654498469	0.093356
.0698131700	0.095786
.0741764932	0.098165
.0785398163	0.10054
.0829031394	0.10291
.0872664625	0.10522
.0916297857	0.1075
.0959931088	0.10975
.1003564319	0.11198
.1047197551	0.1142
.1090830782	0.11636
.1134464013	0.11852
.1178097245	0.12067
.1221730476	0.12277
.1265363707	0.12485
.1308996938	0.12688
.1352630170	0.12889
.1396263401	0.13087
.1439896632	0.13282
.1483529864	0.13472
.1527163095	0.13662
.1570796326	0.1385
.1614429558	0.14034
.1658062789	0.14215
.1701696020	0.14394
.1745329251	0.1457
.1788962483	0.14744
.1832595714	0.14914
.1876228945	0.15082
.1919862177	0.15248
.1963495408	0.15411
.2007128639	0.15573
.2050761871	0.15731
.2094395102	0.15889
.2138028333	0.16054
.2181661564	0.16218
.2225294796	0.16384
.2268928027	0.16551
.2312561258	0.16721
.2356194490	0.1689
.2399827721	0.17052
.2443460952	0.17226
.2487094184	0.17512
.2530727415	0.17852
.2574360646	0.18157
.2617993877	0.18463
.2661627109	0.18845
.2705260340	0.19226
.2748893571	0.19558
.2792526803	0.1995
.2836160034	0.20332
.2879793265	0.20713
.2923426497	0.21096
.2967059728	0.21491
.3010692959	0.21891
.3054326190	0.22292
.3097959422	0.22691
.3141592653	0.23099
.3185225884	0.23491
.3228859116	0.23885
.3272492347	0.24268
.3316125578	0.24652
.3359758809	0.25026
.3403392041	0.25395
.3447025272	0.2575
.3490658503	0.261
.3534291735	0.26446
.3577924966	0.26792
.3621558197	0.27124
.3665191429	0.27448
.3708824660	0.27775
.3752457891	0.28093
.3796091122	0.28409
.3839724354	0.2872
.3883357585	0.29025
.3926990816	0.29323
.3970624048	0.29622
.4014257279	0.29902
.4057890510	0.30154
.4101523742	0.30535
.4145156973	0.30806
.4188790204	0.31042
.4232423435	0.31311
.4276056667	0.31602
.4319689898	0.31957
.4363323129	0.32194
.4406956361	0.32474
.4450589592	0.32805
.4494222823	0.33102
.4537856055	0.33379
.4581489286	0.33566
.4625122517	0.33839
.4668755748	0.34162
.4712388980	0.34369
.4756022211	0.34693
.4799655442	0.34898
.4843288674	0.35161
.4886921905	0.35416
.4930555136	0.35673
.4974188368	0.36033
.5017821599	0.36232
.5061454830	0.36444
.5105088061	0.36693
.5148721293	0.36938
.5192354524	0.37185
.5235987755	0.37423
