0	0.019459
.0043633231	0.019788
.0087266462	0.020303
.0130899693	0.02169
.0174532925	0.022605
.0218166156	0.021428
.0261799387	0.018894
.0305432619	0.014512
.0349065850	0.011592
.0392699081	0.0088737
.0436332312	0.013393
.0479965544	0.012379
.0523598775	0.015883
.0567232006	0.020257
.0610865238	0.013359
.0654498469	0.013917
.0698131700	0.020873
.0741764932	0.014214
.0785398163	0.015354
.0829031394	0.014067
.0872664625	0.013505
.0916297857	0.015566
.0959931088	0.014396
.1003564319	0.014014
.1047197551	0.013038
.1090830782	0.013111
.1134464013	0.012333
.1178097245	0.01189
.1221730476	0.011328
.1265363707	0.010916
.1308996938	0.010006
.1352630170	0.0087052
.1396263401	0.0081801
.1439896632	0.0076088
.1483529864	0.0068796
.1527163095	0.0058555
.1570796326	0.0056616
.1614429558	0.0047678
.1658062789	0.0039297
.1701696020	0.0033402
.1745329251	0.0027206
.1788962483	0.0020381
.1832595714	0.0013704
.1876228945	0.00069652
.1919862177	4.9723e-05
.1963495408	-0.00061812
.2007128639	-0.0012701
.2050761871	-0.0019315
.2094395102	-0.0025521
.2138028333	-0.003196
.2181661564	-0.0038331
.2225294796	-0.004455
.2268928027	-0.0050682
.2312561258	-0.0056617
.2356194490	-0.0062451
.2399827721	-0.0068176
.2443460952	-0.0073819
.2487094184	-0.0079172
.2530727415	-0.0084331
.2574360646	-0.0089259
.2617993877	-0.0093991
.2661627109	-0.009848
.2705260340	-0.010277
.2748893571	-0.01067
.2792526803	-0.011022
.2836160034	-0.011311
.2879793265	-0.01157
.2923426497	-0.011816
.2967059728	-0.01204
.3010692959	-0.012227
.3054326190	-0.012364
.3097959422	-0.012462
.3141592653	-0.01252
.3185225884	-0.012533
.3228859116	-0.012497
.3272492347	-0.01241
.3316125578	-0.012281
.3359758809	-0.012115
.3403392041	-0.011906
.3447025272	-0.011651
.3490658503	-0.011355
.3534291735	-0.011024
.3577924966	-0.010663
.3621558197	-0.010269
.3665191429	-0.0098389
.3708824660	-0.0093725
.3752457891	-0.0088776
.3796091122	-0.0083538
.3839724354	-0.0078057
.3883357585	-0.0072305
.3926990816	-0.0066475
.3970624048	-0.0060408
.4014257279	-0.0054125
.4057890510	-0.0047811
.4101523742	-0.0041484
.4145156973	-0.0034953
.4188790204	-0.0028457
.4232423435	-0.0022009
.4276056667	-0.0015116
.4319689898	-0.00088109
.4363323129	-0.00026968
.4406956361	0.0003179
.4450589592	0.00087853
.4494222823	0.0014113
.4537856055	0.001913
.4581489286	0.0023759
.4625122517	0.0028184
.4668755748	0.0032313
.4712388980	0.0036175
.4756022211	0.0039836
.4799655442	0.0043288
.4843288674	0.0046557
.4886921905	0.0049599
.4930555136	0.0052452
.4974188368	0.0055203
.5017821599	0.0057768
.5061454830	0.0060126
.5105088061	0.0061443
.5148721293	0.0063861
.5192354524	0.0065868
.5235987755	0.0067542
