0	0.0010529
.0043633231	0.0038701
.0087266462	0.0066854
.0130899693	0.0094991
.0174532925	0.01231
.0218166156	0.015118
.0261799387	0.017921
.0305432619	0.020732
.0349065850	0.023551
.0392699081	0.026366
.0436332312	0.029168
.0479965544	0.03196
.0523598775	0.034754
.0567232006	0.037541
.0610865238	0.040307
.0654498469	0.043059
.0698131700	0.045785
.0741764932	0.048487
.0785398163	0.051166
.0829031394	0.053815
.0872664625	0.056442
.0916297857	0.059046
.0959931088	0.061612
.1003564319	0.06415
.1047197551	0.066669
.1090830782	0.069139
.1134464013	0.071571
.1178097245	0.073985
.1221730476	0.076357
.1265363707	0.078691
.1308996938	0.080985
.1352630170	0.08324
.1396263401	0.085455
.1439896632	0.08763
.1483529864	0.089761
.1527163095	0.091857
.1570796326	0.093921
.1614429558	0.095961
.1658062789	0.097949
.1701696020	0.099964
.1745329251	0.10196
.1788962483	0.10397
.1832595714	0.10598
.1876228945	0.108
.1919862177	0.11009
.1963495408	0.11227
.2007128639	0.11453
.2050761871	0.11691
.2094395102	0.11943
.2138028333	0.12216
.2181661564	0.12507
.2225294796	0.12898
.2268928027	0.13381
.2312561258	0.13884
.2356194490	0.14386
.2399827721	0.14887
.2443460952	0.15396
.2487094184	0.15924
.2530727415	0.16452
.2574360646	0.16985
.2617993877	0.17513
.2661627109	0.18035
.2705260340	0.18556
.2748893571	0.19037
.2792526803	0.19527
.2836160034	0.20019
.2879793265	0.20512
.2923426497	0.20972
.2967059728	0.21421
.3010692959	0.21873
.3054326190	0.22308
.3097959422	0.22728
.3141592653	0.23157
.3185225884	0.23583
.3228859116	0.24012
.3272492347	0.24425
.3316125578	0.24838
.3359758809	0.2525
.3403392041	0.25661
.3447025272	0.26067
.3490658503	0.26475
.3534291735	0.26882
.3577924966	0.27291
.3621558197	0.27699
.3665191429	0.28102
.3708824660	0.28509
.3752457891	0.28916
.3796091122	0.29323
.3839724354	0.29726
.3883357585	0.30127
.3926990816	0.30528
.3970624048	0.30927
.4014257279	0.31326
.4057890510	0.31723
.4101523742	0.32118
.4145156973	0.3252
.4188790204	0.32912
.4232423435	0.33302
.4276056667	0.33688
.4319689898	0.3407
.4363323129	0.3445
.4406956361	0.34826
.4450589592	0.352
.4494222823	0.35565
.4537856055	0.35926
.4581489286	0.36283
.4625122517	0.36635
.4668755748	0.36985
.4712388980	0.37325
.4756022211	0.37662
.4799655442	0.37993
.4843288674	0.38317
.4886921905	0.38634
.4930555136	0.38943
.4974188368	0.39241
.5017821599	0.39535
.5061454830	0.39822
.5105088061	0.40097
.5148721293	0.40389
.5192354524	0.4065
.5235987755	0.40905
