0	0.011139
.0043633231	0.010837
.0087266462	0.010484
.0130899693	0.010083
.0174532925	0.0096283
.0218166156	0.0091219
.0261799387	0.0085637
.0305432619	0.0079549
.0349065850	0.0072904
.0392699081	0.0065797
.0436332312	0.0058161
.0479965544	0.0050018
.0523598775	0.0041377
.0567232006	0.0032246
.0610865238	0.0022636
.0654498469	0.0012545
.0698131700	0.00019858
.0741764932	-0.00090271
.0785398163	-0.0020512
.0829031394	-0.0032459
.0872664625	-0.0044828
.0916297857	-0.005762
.0959931088	-0.0070823
.1003564319	-0.0084415
.1047197551	-0.0098444
.1090830782	-0.011279
.1134464013	-0.012751
.1178097245	-0.01426
.1221730476	-0.015801
.1265363707	-0.017375
.1308996938	-0.018977
.1352630170	-0.02061
.1396263401	-0.022277
.1439896632	-0.023963
.1483529864	-0.025669
.1527163095	-0.027398
.1570796326	-0.029147
.1614429558	-0.030914
.1658062789	-0.032696
.1701696020	-0.034485
.1745329251	-0.036286
.1788962483	-0.038095
.1832595714	-0.039906
.1876228945	-0.041718
.1919862177	-0.043524
.1963495408	-0.045323
.2007128639	-0.04711
.2050761871	-0.048886
.2094395102	-0.050639
.2138028333	-0.05236
.2181661564	-0.054049
.2225294796	-0.055699
.2268928027	-0.057302
.2312561258	-0.05885
.2356194490	-0.060347
.2399827721	-0.061766
.2443460952	-0.063104
.2487094184	-0.064273
.2530727415	-0.06533
.2574360646	-0.066342
.2617993877	-0.067255
.2661627109	-0.068031
.2705260340	-0.06865
.2748893571	-0.069157
.2792526803	-0.069519
.2836160034	-0.06977
.2879793265	-0.069914
.2923426497	-0.069922
.2967059728	-0.069922
.3010692959	-0.069755
.3054326190	-0.069501
.3097959422	-0.069176
.3141592653	-0.068752
.3185225884	-0.068397
.3228859116	-0.068053
.3272492347	-0.067614
.3316125578	-0.067177
.3359758809	-0.066744
.3403392041	-0.066384
.3447025272	-0.06607
.3490658503	-0.065717
.3534291735	-0.065347
.3577924966	-0.065005
.3621558197	-0.064724
.3665191429	-0.064482
.3708824660	-0.064237
.3752457891	-0.063974
.3796091122	-0.06371
.3839724354	-0.063486
.3883357585	-0.0633
.3926990816	-0.063118
.3970624048	-0.062895
.4014257279	-0.062732
.4057890510	-0.062626
.4101523742	-0.062128
.4145156973	-0.061992
.4188790204	-0.061949
.4232423435	-0.061762
.4276056667	-0.061551
.4319689898	-0.061124
.4363323129	-0.060981
.4406956361	-0.060757
.4450589592	-0.060317
.4494222823	-0.059937
.4537856055	-0.059661
.4581489286	-0.059731
.4625122517	-0.059438
.4668755748	-0.058933
.4712388980	-0.058834
.4756022211	-0.058294
.4799655442	-0.05817
.4843288674	-0.05782
.4886921905	-0.057493
.4930555136	-0.057147
.4974188368	-0.056354
.5017821599	-0.056203
.5061454830	-0.056049
.5105088061	-0.055674
.5148721293	-0.055288
.5192354524	-0.054869
.5235987755	-0.054506
