0	0.0018923
.0043633231	0.012904
.0087266462	0.023909
.0130899693	0.034905
.0174532925	0.045892
.0218166156	0.056865
.0261799387	0.067821
.0305432619	0.078776
.0349065850	0.089749
.0392699081	0.10069
.0436332312	0.11157
.0479965544	0.12241
.0523598775	0.13326
.0567232006	0.14407
.0610865238	0.15482
.0654498469	0.16551
.0698131700	0.17613
.0741764932	0.18668
.0785398163	0.19716
.0829031394	0.20754
.0872664625	0.21785
.0916297857	0.22808
.0959931088	0.2382
.1003564319	0.24823
.1047197551	0.25817
.1090830782	0.26799
.1134464013	0.27768
.1178097245	0.28728
.1221730476	0.29674
.1265363707	0.30608
.1308996938	0.31528
.1352630170	0.32433
.1396263401	0.33324
.1439896632	0.342
.1483529864	0.35059
.1527163095	0.35903
.1570796326	0.36732
.1614429558	0.37546
.1658062789	0.38339
.1701696020	0.39124
.1745329251	0.39893
.1788962483	0.40651
.1832595714	0.41392
.1876228945	0.42118
.1919862177	0.42841
.1963495408	0.43557
.2007128639	0.44267
.2050761871	0.44984
.2094395102	0.45698
.2138028333	0.46425
.2181661564	0.47162
.2225294796	0.48037
.2268928027	0.49053
.2312561258	0.50105
.2356194490	0.51162
.2399827721	0.52228
.2443460952	0.53317
.2487094184	0.54449
.2530727415	0.55594
.2574360646	0.56778
.2617993877	0.57975
.2661627109	0.59158
.2705260340	0.60366
.2748893571	0.61509
.2792526803	0.62669
.2836160034	0.6383
.2879793265	0.6501
.2923426497	0.66121
.2967059728	0.67194
.3010692959	0.68275
.3054326190	0.69329
.3097959422	0.7034
.3141592653	0.7136
.3185225884	0.72366
.3228859116	0.73371
.3272492347	0.74342
.3316125578	0.75299
.3359758809	0.76249
.3403392041	0.77191
.3447025272	0.78117
.3490658503	0.79032
.3534291735	0.79931
.3577924966	0.80818
.3621558197	0.81697
.3665191429	0.82556
.3708824660	0.83409
.3752457891	0.84247
.3796091122	0.85072
.3839724354	0.85878
.3883357585	0.86668
.3926990816	0.87444
.3970624048	0.88205
.4014257279	0.88955
.4057890510	0.89691
.4101523742	0.9041
.4145156973	0.91131
.4188790204	0.91827
.4232423435	0.92507
.4276056667	0.93168
.4319689898	0.93814
.4363323129	0.94446
.4406956361	0.95063
.4450589592	0.95665
.4494222823	0.96245
.4537856055	0.96811
.4581489286	0.97362
.4625122517	0.97895
.4668755748	0.98418
.4712388980	0.98917
.4756022211	0.99397
.4799655442	0.99859
.4843288674	1.003
.4886921905	1.0073
.4930555136	1.0113
.4974188368	1.0151
.5017821599	1.0188
.5061454830	1.0223
.5105088061	1.0255
.5148721293	1.0304
.5192354524	1.0332
.5235987755	1.036
