0	0.10099
.0043633231	0.11141
.0087266462	0.12181
.0130899693	0.13213
.0174532925	0.14245
.0218166156	0.15275
.0261799387	0.16302
.0305432619	0.17324
.0349065850	0.18351
.0392699081	0.19365
.0436332312	0.20376
.0479965544	0.21383
.0523598775	0.22387
.0567232006	0.23383
.0610865238	0.24374
.0654498469	0.25358
.0698131700	0.26336
.0741764932	0.27301
.0785398163	0.28265
.0829031394	0.29226
.0872664625	0.30173
.0916297857	0.31113
.0959931088	0.32042
.1003564319	0.32968
.1047197551	0.33887
.1090830782	0.34789
.1134464013	0.35689
.1178097245	0.36586
.1221730476	0.37468
.1265363707	0.3834
.1308996938	0.39201
.1352630170	0.40052
.1396263401	0.40896
.1439896632	0.41727
.1483529864	0.42543
.1527163095	0.43353
.1570796326	0.44154
.1614429558	0.44942
.1658062789	0.4572
.1701696020	0.46485
.1745329251	0.47239
.1788962483	0.4798
.1832595714	0.48708
.1876228945	0.49424
.1919862177	0.50127
.1963495408	0.50817
.2007128639	0.51494
.2050761871	0.52158
.2094395102	0.52809
.2138028333	0.53459
.2181661564	0.54096
.2225294796	0.54724
.2268928027	0.55342
.2312561258	0.55951
.2356194490	0.56548
.2399827721	0.57113
.2443460952	0.57688
.2487094184	0.58424
.2530727415	0.59228
.2574360646	0.59973
.2617993877	0.60708
.2661627109	0.61571
.2705260340	0.62421
.2748893571	0.63186
.2792526803	0.64069
.2836160034	0.64939
.2879793265	0.65805
.2923426497	0.66677
.2967059728	0.67605
.3010692959	0.68523
.3054326190	0.69458
.3097959422	0.70402
.3141592653	0.71369
.3185225884	0.72338
.3228859116	0.73323
.3272492347	0.74267
.3316125578	0.75221
.3359758809	0.76162
.3403392041	0.77107
.3447025272	0.78028
.3490658503	0.7892
.3534291735	0.79794
.3577924966	0.80672
.3621558197	0.8153
.3665191429	0.82367
.3708824660	0.83204
.3752457891	0.84004
.3796091122	0.84791
.3839724354	0.85572
.3883357585	0.86342
.3926990816	0.87087
.3970624048	0.8782
.4014257279	0.88508
.4057890510	0.89138
.4101523742	0.89998
.4145156973	0.90654
.4188790204	0.91247
.4232423435	0.9188
.4276056667	0.92545
.4319689898	0.93308
.4363323129	0.93854
.4406956361	0.94476
.4450589592	0.95166
.4494222823	0.95779
.4537856055	0.96369
.4581489286	0.9682
.4625122517	0.97384
.4668755748	0.98011
.4712388980	0.98456
.4756022211	0.99072
.4799655442	0.99505
.4843288674	1.0002
.4886921905	1.005
.4930555136	1.0099
.4974188368	1.0159
.5017821599	1.0198
.5061454830	1.024
.5105088061	1.0284
.5148721293	1.0328
.5192354524	1.0371
.5235987755	1.0412
