0	0.00040446
.0043633231	0.010555
.0087266462	0.010142
.0130899693	0.0096688
.0174532925	0.0091364
.0218166156	0.0085459
.0261799387	0.0078967
.0305432619	0.0071869
.0349065850	0.0064196
.0392699081	0.0055953
.0436332312	0.0047129
.0479965544	0.0037766
.0523598775	0.0027814
.0567232006	0.0017318
.0610865238	0.00062768
.0654498469	-0.0005288
.0698131700	-0.0017379
.0741764932	-0.0029979
.0785398163	-0.0043078
.0829031394	-0.0056614
.0872664625	-0.0070649
.0916297857	-0.0085125
.0959931088	-0.010006
.1003564319	-0.011539
.1047197551	-0.013112
.1090830782	-0.014726
.1134464013	-0.016377
.1178097245	-0.01806
.1221730476	-0.019779
.1265363707	-0.021526
.1308996938	-0.023302
