0	0.0020929319093392576706
.0043633231	0.0048822339895452761607
.0087266462	0.0076710290946759920883
.0130899693	0.010458611064706819366
.0174532925	0.013243876700003305233
.0218166156	0.016025645913170176449
.0261799387	0.0188020927422722188
.0305432619	0.021576108958261671494
.0349065850	0.024351211080751982568
.0392699081	0.027121861503251205178
.0436332312	0.029887297542424470093
.0479965544	0.032643589351845726798
.0523598775	0.035388844183373145691
.0567232006	0.038122381188039858313
.0610865238	0.040840790785432255772
.0654498469	0.043541993815601115481
.0698131700	0.046223800800277416168
.0741764932	0.048887458205221487328
.0785398163	0.051528816146192236991
.0829031394	0.05414736407033552551
.0872664625	0.056740601019929656768
.0916297857	0.059306830075263584912
.0959931088	0.061845374600311517344
.1003564319	0.064353603602049710974
.1047197551	0.066827032985790735253
.1090830782	0.069280386999173007578
.1134464013	0.071695701336083120236
.1178097245	0.074075757412411208369
.1221730476	0.076418090473586233746
.1265363707	0.078725521799509312615
.1308996938	0.080989454457394860487
.1352630170	0.083209837563421901185
.1396263401	0.085387998175268542411
.1439896632	0.087523837465755288667
.1483529864	0.089614767853913215867
