0	4.1846e-07
.0043633231	0.12011
.0087266462	0.13127
.0130899693	0.14241
.0174532925	0.1535
.0218166156	0.16455
.0261799387	0.17557
.0305432619	0.18656
.0349065850	0.19749
.0392699081	0.20836
.0436332312	0.21918
.0479965544	0.22988
.0523598775	0.24061
.0567232006	0.25124
.0610865238	0.26179
.0654498469	0.27226
.0698131700	0.28264
.0741764932	0.29294
.0785398163	0.30316
.0829031394	0.31324
.0872664625	0.32324
.0916297857	0.33312
.0959931088	0.3429
.1003564319	0.35254
.1047197551	0.3621
.1090830782	0.37161
.1134464013	0.38097
.1178097245	0.39022
.1221730476	0.39934
.1265363707	0.40832
.1308996938	0.41715
