0	0.00025054
.0043633231	0.0028601
.0087266462	0.0052708
.0130899693	0.0070656
.0174532925	0.0095297
.0218166156	0.010877
.0261799387	0.013132
.0305432619	0.013766
.0349065850	0.016524
.0392699081	0.01832
.0436332312	0.021725
.0479965544	0.022733
.0523598775	0.023783
.0567232006	0.024669
.0610865238	0.02776
.0654498469	0.028123
.0698131700	0.035074
.0741764932	0.055107
.0785398163	0.038301
.0829031394	0.055993
.0872664625	0.048431
.0916297857	0.04674
.0959931088	0.070245
.1003564319	0.068121
.1047197551	0.066707
.1090830782	0.058102
.1134464013	0.078035
.1178097245	0.068716
.1221730476	0.062147
.1265363707	0.063804
.1308996938	0.066465
.1352630170	0.067416
.1396263401	0.086581
.1439896632	0.084663
.1483529864	0.078
.1527163095	0.081718
.1570796326	0.093458
.1614429558	0.093787
.1658062789	0.083392
.1701696020	0.080493
.1745329251	0.084253
.1788962483	0.096475
.1832595714	0.091342
.1876228945	0.09516
.1919862177	0.093971
.1963495408	0.098709
.2007128639	0.097788
.2050761871	0.10654
.2094395102	0.10732
.2138028333	0.10775
.2181661564	0.11414
.2225294796	0.11458
.2268928027	0.11462
.2312561258	0.11881
.2356194490	0.12075
.2399827721	0.12511
.2443460952	0.12663
.2487094184	0.12774
.2530727415	0.12888
.2574360646	0.13069
.2617993877	0.13297
.2661627109	0.13402
.2705260340	0.13653
.2748893571	0.13868
.2792526803	0.14044
.2836160034	0.14246
.2879793265	0.14438
.2923426497	0.14647
.2967059728	0.14845
.3010692959	0.14987
.3054326190	0.1527
.3097959422	0.15639
.3141592653	0.16049
.3185225884	0.1631
.3228859116	0.1665
.3272492347	0.17024
.3316125578	0.17295
.3359758809	0.17689
.3403392041	0.17924
.3447025272	0.18339
.3490658503	0.18731
.3534291735	0.19008
.3577924966	0.1934
.3621558197	0.19624
.3665191429	0.19983
.3708824660	0.20381
.3752457891	0.20731
.3796091122	0.2108
.3839724354	0.21429
.3883357585	0.21773
.3926990816	0.22127
.3970624048	0.22471
.4014257279	0.22773
.4057890510	0.23113
.4101523742	0.23455
.4145156973	0.23787
.4188790204	0.24125
.4232423435	0.24449
.4276056667	0.24771
.4319689898	0.25044
.4363323129	0.25402
.4406956361	0.25654
.4450589592	0.26006
.4494222823	0.26264
.4537856055	0.26613
.4581489286	0.26909
.4625122517	0.27197
.4668755748	0.27484
.4712388980	0.27731
.4756022211	0.28045
.4799655442	0.28313
.4843288674	0.28522
.4886921905	0.28779
.4930555136	0.29069
.4974188368	0.2932
.5017821599	0.2954
.5061454830	0.29776
.5105088061	0.30008
.5148721293	0.30231
.5192354524	0.3045
.5235987755	0.30663
