0	0.0019795
.0043633231	0.0216
.0087266462	0.051663
.0130899693	0.10501
.0174532925	0.1449
.0218166156	0.14314
.0261799387	0.11377
.0305432619	-0.0341
.0349065850	-0.11278
.0392699081	-0.11412
.0436332312	-0.016746
.0479965544	-0.024066
.0523598775	0.057057
.0567232006	0.13132
.0610865238	0.092022
.0654498469	0.10691
.0698131700	0.20553
.0741764932	0.14245
.0785398163	0.18356
.0829031394	0.16258
.0872664625	0.17883
.0916297857	0.21916
.0959931088	0.22254
.1003564319	0.23166
.1047197551	0.23422
.1090830782	0.24572
.1134464013	0.24435
.1178097245	0.24969
.1221730476	0.26514
.1265363707	0.268
.1308996938	0.27744
.1352630170	0.27929
.1396263401	0.27372
.1439896632	0.28794
.1483529864	0.28992
.1527163095	0.29886
.1570796326	0.3127
.1614429558	0.32708
.1658062789	0.32229
.1701696020	0.33681
.1745329251	0.35016
.1788962483	0.35739
.1832595714	0.36442
.1876228945	0.37137
.1919862177	0.37784
.1963495408	0.38401
.2007128639	0.39047
.2050761871	0.39688
.2094395102	0.4032
.2138028333	0.40901
.2181661564	0.41512
.2225294796	0.42109
.2268928027	0.42694
.2312561258	0.4327
.2356194490	0.43835
.2399827721	0.44372
.2443460952	0.44931
.2487094184	0.45474
.2530727415	0.46007
.2574360646	0.46532
.2617993877	0.4705
.2661627109	0.47558
.2705260340	0.48064
.2748893571	0.48555
.2792526803	0.49091
.2836160034	0.49681
.2879793265	0.50312
.2923426497	0.50949
.2967059728	0.51575
.3010692959	0.52172
.3054326190	0.52762
.3097959422	0.53347
.3141592653	0.53919
.3185225884	0.54487
.3228859116	0.55061
.3272492347	0.55639
.3316125578	0.56217
.3359758809	0.5679
.3403392041	0.57363
.3447025272	0.57939
.3490658503	0.58529
.3534291735	0.5913
.3577924966	0.5973
.3621558197	0.60327
.3665191429	0.60924
.3708824660	0.61522
.3752457891	0.62124
.3796091122	0.6273
.3839724354	0.63338
.3883357585	0.63935
.3926990816	0.64548
.3970624048	0.6516
.4014257279	0.65771
.4057890510	0.6638
.4101523742	0.66988
.4145156973	0.67595
.4188790204	0.682
.4232423435	0.68799
.4276056667	0.69347
.4319689898	0.69934
.4363323129	0.70511
.4406956361	0.71078
.4450589592	0.71635
.4494222823	0.7218
.4537856055	0.7271
.4581489286	0.73221
.4625122517	0.73717
.4668755748	0.74197
.4712388980	0.74659
.4756022211	0.75105
.4799655442	0.75531
.4843288674	0.75939
.4886921905	0.76304
.4930555136	0.76673
.4974188368	0.77029
.5017821599	0.77366
.5061454830	0.77683
.5105088061	0.78004
.5148721293	0.78266
.5192354524	0.78533
.5235987755	0.78772
