0	.47368
.0043633231	.46087
.0087266462	.44587
.0130899693	.42880
.0174532925	.40946
.0218166156	.38792
.0261799387	.36418
.0305432619	.33829
.0349065850	.31004
.0392699081	.279815
.0436332312	.247335
.0479965544	.212711
.0523598775	.1759604
.0567232006	.137131
.0610865238	.096261
.0654498469	.05335
.0698131700	.00845
.0741764932	-.03839
.0785398163	-.08723
.0829031394	-.13804
.0872664625	-.19063
.0916297857	-.24504
.0959931088	-.30119
.1003564319	-.35899
.1047197551	-.41865
.1090830782	-.47965
.1134464013	-.54226
.1178097245	-.60645
.1221730476	-.67196
.1265363707	-.73888
.1308996938	-.80702
.1352630170	-.8765
.1396263401	-.94731
.1439896632	-1.01907
.1483529864	-1.09163
.1527163095	-1.16512
.1570796326	-1.23956
.1614429558	-1.31466
.1658062789	-1.3905
.1701696020	-1.4665
.1745329251	-1.54315
.1788962483	-1.62005
.1832595714	-1.69709
.1876228945	-1.77409
.1919862177	-1.85096
.1963495408	-1.92747
.2007128639	-2.00341
.2050761871	-2.07889
.2094395102	-2.15351
.2138028333	-2.22674
.2181661564	-2.2985
.2225294796	-2.36866
.2268928027	-2.43692
.2312561258	-2.5027
.2356194490	-2.566335
.2399827721	-2.626643
.2443460952	-2.683603
.2487094184	-2.733271
.2530727415	-2.778256
.2574360646	-2.821282
.2617993877	-2.86012
.2661627109	-2.893107
.2705260340	-2.919443
.2748893571	-2.941011
.2792526803	-2.956406
.2836160034	-2.96707
.2879793265	-2.973144
.2923426497	-2.973538
.2967059728	-2.973521
.3010692959	-2.966413
.3054326190	-2.955672
.3097959422	-2.941774
.3141592653	-2.923791
.3185225884	-2.908663
.3228859116	-2.894055
.3272492347	-2.87543
.3316125578	-2.856769
.3359758809	-2.838367
.3403392041	-2.82302
.3447025272	-2.809717
.3490658503	-2.794651
.3534291735	-2.77902
.3577924966	-2.764449
.3621558197	-2.752428
.3665191429	-2.742169
.3708824660	-2.731777
.3752457891	-2.720622
.3796091122	-2.70931
.3839724354	-2.699784
.3883357585	-2.691931
.3926990816	-2.684146
.3970624048	-2.674739
.4014257279	-2.667788
.4057890510	-2.663225
.4101523742	-2.642132
.4145156973	-2.636306
.4188790204	-2.634464
.4232423435	-2.626493
.4276056667	-2.617589
.4319689898	-2.5993612
.4363323129	-2.5933403
.4406956361	-2.5837647
.4450589592	-2.5650589
.4494222823	-2.5489431
.4537856055	-2.537199
.4581489286	-2.5401331
.4625122517	
.4668755748	-2.5062254
.4712388980	-2.5020056
.4756022211	-2.4790478
.4799655442	-2.4737813
.4843288674	-2.4588774
.4886921905	-2.4450184
.4930555136	-2.4302772
.4974188368	-2.3965147
.5017821599	-2.3901291
.5061454830	-2.383533
.5105088061	-2.367608
.5148721293	-2.351173
.5192354524	-2.333417
.5235987755	-2.317943
