0	.82752
.0043633231	.84151
.0087266462	.86343
.0130899693	.92239
.0174532925	.96132
.0218166156	.91125
.0261799387	.80351
.0305432619	.61713
.0349065850	.49297
.0392699081	.37736
.0436332312	.56958
.0479965544	.52644
.0523598775	.67547
.0567232006	.86143
.0610865238	.56811
.0654498469	.59182
.0698131700	.88766
.0741764932	.60448
.0785398163	.65294
.0829031394	.59820
.0872664625	.57431
.0916297857	.66195
.0959931088	.61223
.1003564319	.59594
.1047197551	.55445
.1090830782	.55758
.1134464013	.52450
.1178097245	.50563
.1221730476	.48173
.1265363707	.46423
.1308996938	.42550
.1352630170	.37020
.1396263401	.34788
.1439896632	.32357
.1483529864	.29256
.1527163095	.249017
.1570796326	.240765
.1614429558	.202756
.1658062789	.1671154
.1701696020	.142044
.1745329251	.11570
.1788962483	.086672
.1832595714	.058274
.1876228945	.02962
.1919862177	.00211
.1963495408	-.02629
.2007128639	-.05401
.2050761871	-.08214
.2094395102	-.10854
.2138028333	-.13592
.2181661564	-.16301
.2225294796	-.18945
.2268928027	-.21553
.2312561258	-.24077
.2356194490	-.26558
.2399827721	-.28993
.2443460952	-.31392
.2487094184	-.33669
.2530727415	-.35863
.2574360646	-.37959
.2617993877	-.39971
.2661627109	-.41880
.2705260340	-.43706
.2748893571	-.453758
.2792526803	-.468705
.2836160034	-.481011
.2879793265	-.492032
.2923426497	-.50250
.2967059728	-.512018
.3010692959	-.519965
.3054326190	-.52579
.3097959422	-.52996
.3141592653	-.532427
.3185225884	-.532992
.3228859116	-.531452
.3272492347	-.527772
.3316125578	-.522263
.3359758809	-.51521
.3403392041	-.506321
.3447025272	-.495488
.3490658503	-.482904
.3534291735	-.468796
.3577924966	-.45347
.3621558197	-.436706
.3665191429	-.418412
.3708824660	-.398584
.3752457891	-.377537
.3796091122	-.355253
.3839724354	-.331943
.3883357585	-.307485
.3926990816	-.282698
.3970624048	-.25689
.4014257279	-.230172
.4057890510	-.203326
.4101523742	-.176419
.4145156973	-.148642
.4188790204	-.121013
.4232423435	-.093598
.4276056667	-.064279
.4319689898	-.037470
.4363323129	-.011468
.4406956361	.013519
.4450589592	.0373613
.4494222823	.060018
.4537856055	.081354
.4581489286	.101037
.4625122517	.119858
.4668755748	.137415
.4712388980	.153837
.4756022211	.169408
.4799655442	.18409
.4843288674	.197987
.4886921905	.210923
.4930555136	.223066
.4974188368	.234762
.5017821599	.24567
.5061454830	.255691
.5105088061	.261292
.5148721293	.271578
.5192354524	.280116
.5235987755	.287229
