0	.75680
.0043633231	.75630
.0087266462	.75464
.0130899693	.75257
.0174532925	.74805
.0218166156	.74333
.0261799387	.74153
.0305432619	.73543
.0349065850	.73409
.0392699081	.71476
.0436332312	.71948
.0479965544	.70145
.0523598775	.70514
.0567232006	.68746
.0610865238	.67691
.0654498469	.66552
.0698131700	.63449
.0741764932	.64931
.0785398163	.64148
.0829031394	.64477
.0872664625	.61084
.0916297857	.60993
.0959931088	.55444
.1003564319	.52283
.1047197551	.49246
.1090830782	.50764
.1134464013	.46766
.1178097245	.47221
.1221730476	.46917
.1265363707	.44148
.1308996938	.42101
.1352630170	.38291
.1396263401	.38953
.1439896632	.35777
.1483529864	.32354
.1527163095	.29674
.1570796326	.255885
.1614429558	.257173
.1658062789	.214956
.1701696020	.178258
.1745329251	.151174
.1788962483	.137202
.1832595714	.086665
.1876228945	.057613
.1919862177	.082356
.1963495408	.01264
.2007128639	-.00695
.2050761871	-.00568
.2094395102	-.01486
.2138028333	-.08160
.2181661564	-.09895
.2225294796	-.11807
.2268928027	-.14817
.2312561258	-.18370
.2356194490	-.20895
.2399827721	-.23761
.2443460952	-.26580
.2487094184	-.28665
.2530727415	-.31068
.2574360646	-.33308
.2617993877	-.33712
.2661627109	-.37183
.2705260340	-.39110
.2748893571	-.39816
.2792526803	-.42076
.2836160034	-.43726
.2879793265	-.448028
.2923426497	-.468782
.2967059728	-.483879
.3010692959	-.497252
.3054326190	-.510712
.3097959422	-.522929
.3141592653	-.524283
.3185225884	-.53843
.3228859116	-.544291
.3272492347	-.540765
.3316125578	-.543662
.3359758809	-.54839
.3403392041	-.550384
.3447025272	-.545789
.3490658503	-.540385
.3534291735	-.540156
.3577924966	-.535504
.3621558197	-.538575
.3665191429	-.532519
.3708824660	-.520908
.3752457891	-.514215
.3796091122	-.505682
.3839724354	-.497457
.3883357585	-.488706
.3926990816	-.481129
.3970624048	-.471314
.4014257279	-.461044
.4057890510	-.449448
.4101523742	-.438691
.4145156973	-.427194
.4188790204	-.416414
.4232423435	-.399779
.4276056667	-.387775
.4319689898	-.380323
.4363323129	-.366607
.4406956361	-.356395
.4450589592	-.342753
.4494222823	-.332716
.4537856055	-.31892
.4581489286	-.307887
.4625122517	-.297342
.4668755748	-.287123
.4712388980	-.279586
.4756022211	-.269022
.4799655442	-.260605
.4843288674	-.260171
.4886921905	-.252523
.4930555136	-.244036
.4974188368	-.237515
.5017821599	-.232746
.5061454830	-.227662
.5105088061	-.223079
.5148721293	-.218995
.5192354524	-.21525
.5235987755	-.21187
