0	.45535
.0043633231	.45388
.0087266462	.44985
.0130899693	.44324
.0174532925	.43409
.0218166156	.42238
.0261799387	.40814
.0305432619	.39138
.0349065850	.37208
.0392699081	.35033
.0436332312	.32617
.0479965544	.29968
.0523598775	.270705
.0567232006	.239324
.0610865238	.205635
.0654498469	.1698039
.0698131700	.131701
.0741764932	.091418
.0785398163	.04907
.0829031394	.00474
.0872664625	-.04154
.0916297857	-.08972
.0959931088	-.13986
.1003564319	-.19162
.1047197551	-.24512
.1090830782	-.30021
.1134464013	-.35677
.1178097245	-.41475
.1221730476	-.47397
.1265363707	-.53446
.1308996938	-.59590
.1352630170	-.65828
.1396263401	-.72147
.1439896632	-.78530
.1483529864	-.84955
.1527163095	-.91407
.1570796326	-.97869
.1614429558	-1.04307
.1658062789	-1.10721
.1701696020	-1.1706
.1745329251	-1.23312
.1788962483	-1.29447
.1832595714	-1.35416
.1876228945	-1.41187
.1919862177	-1.46698
.1963495408	-1.51881
.2007128639	-1.567008
.2050761871	-1.611442
.2094395102	-1.65031
.2138028333	-1.682976
.2181661564	-1.70877
.2225294796	-1.72501
.2268928027	-1.732893
.2312561258	-1.732259
.2356194490	-1.723005
.2399827721	-1.707212
.2443460952	-1.684328
.2487094184	-1.653377
.2530727415	-1.615698
.2574360646	-1.573903
.2617993877	-1.53049
.2661627109	-1.4838
.2705260340	-1.437281
.2748893571	-1.39459
.2792526803	-1.350607
.2836160034	-1.30653
.2879793265	-1.265866
.2923426497	-1.230891
.2967059728	-1.195749
.3010692959	-1.163004
.3054326190	-1.135273
.3097959422	-1.109788
.3141592653	-1.083575
.3185225884	-1.05918
.3228859116	-1.035747
.3272492347	-1.014187
.3316125578	-.992793
.3359758809	-.971567
.3403392041	-.95169
.3447025272	-.933168
.3490658503	-.914639
.3534291735	-.896061
.3577924966	-.877254
.3621558197	-.859932
.3665191429	-.842509
.3708824660	-.824516
.3752457891	-.80631
.3796091122	-.788319
.3839724354	-.771171
.3883357585	-.753895
.3926990816	-.7366532
.3970624048	-.7190986
.4014257279	-.7010977
.4057890510	-.6826338
.4101523742	-.6635676
.4145156973	-.6432909
.4188790204	-.6241287
.4232423435	-.60551326
.4276056667	-.5867641
.4319689898	-.5681058
.4363323129	-.5489156
.4406956361	-.5292964
.4450589592	-.5090231
.4494222823	-.4890562
.4537856055	-.4690499
.4581489286	-.4490335
.4625122517	-.4288598
.4668755748	-.408105
.4712388980	-.387751
.4756022211	-.366833
.4799655442	-.345724
.4843288674	-.324238
.4886921905	-.303156
.4930555136	-.281997
.4974188368	-.260446
.5017821599	-.239668
.5061454830	-.218467
.5105088061	-.197576
.5148721293	-.156718
.5192354524	-.135469
.5235987755	-.114119
