0	.0172
.0043633231	.44888
.0087266462	.43128
.0130899693	.41118
.0174532925	.38854
.0218166156	.36343
.0261799387	.33582
.0305432619	.30563
.0349065850	.273007
.0392699081	.237946
.0436332312	.20042
.0479965544	.160602
.0523598775	.118289
.0567232006	.07365
.0610865238	.02670
.0654498469	-.02249
.0698131700	-.07391
.0741764932	-.12749
.0785398163	-.18320
.0829031394	-.24076
.0872664625	-.30045
.0916297857	-.36201
.0959931088	-.42552
.1003564319	-.49072
.1047197551	-.55762
.1090830782	-.62626
.1134464013	-.69644
.1178097245	-.76805
.1221730476	-.84114
.1265363707	-.91542
.1308996938	-.99098
