0	.42375762793075497093
.0043633231	.42177979779102200974
.0087266462	.41712206104520466177
.0130899693	.40977718386674133466
.0174532925	.39975088275885717337
.0218166156	.38704724943544355221
.0261799387	.37167489869138115033
.0305432619	.35363899937025497500
.0349065850	.33297985487010919870
.0392699081	.30969314589247984304
.0436332312	.283811550583560459612
.0479965544	.255345026491891696767
.0523598775	.224348610700564443657
.0567232006	.1908233018551335046627
.0610865238	.154839514308371686831
.0654498469	.116422184271104095506
.0698131700	.07564503033390590492
.0741764932	.03250791583674686458
.0785398163	-.01290854393381371534
.0829031394	-.06058929695371426116
.0872664625	-.11042973288103744012
.0916297857	-.1624086461612191945
.0959931088	-.21644364595487661230
.1003564319	-.27249146932883028250
.1047197551	-.33047040722514459122
.1090830782	-.39028511604566756831
.1134464013	-.45188233499987703889
.1178097245	-.51519926026480952763
.1221730476	-.58013354029324165629
.1265363707	-.64655860169116938230
.1308996938	-.71444778175935383379
.1352630170	-.78366028526037181945
.1396263401	-.85407433858919623585
.1439896632	-.92562126404779807025
.1483529864	-.99815329748800210583
