0	
.0043633231	.91857042
.0087266462	2.19705165
.0130899693	4.46570782
.0174532925	6.1620017
.0218166156	6.0872489
.0261799387	4.8383924
.0305432619	-1.4501783
.0349065850	-4.7961835
.0392699081	-4.8531666
.0436332312	-.7121371
.0479965544	-1.0233961
.0523598775	2.4264406
.0567232006	5.5844996
.0610865238	3.9133972
.0654498469	4.5464893
.0698131700	8.7405888
.0741764932	6.058048
.0785398163	7.8061772
.0829031394	6.9141077
.0872664625	7.6052138
.0916297857	9.3200012
.0959931088	9.4637341
.1003564319	9.851654
.1047197551	9.9605867
.1090830782	10.4498185
.1134464013	10.3910059
.1178097245	10.6182401
.1221730476	11.2755144
.1265363707	11.3967145
.1308996938	11.7979909
.1352630170	11.877232
.1396263401	11.6403644
.1439896632	12.2456486
.1483529864	12.3288191
.1527163095	12.7090435
.1570796326	13.2983189
.1614429558	13.9095775
.1658062789	13.7057553
.1701696020	14.323987
.1745329251	14.8912171
.1788962483	15.1984249
.1832595714	15.4976286
.1876228945	15.7928297
.1919862177	16.068025
.1963495408	16.330211
.2007128639	16.605395
.2050761871	16.877573
.2094395102	17.146743
.2138028333	17.393913
.2181661564	17.654074
.2225294796	17.907227
.2268928027	18.156372
.2312561258	18.401512
.2356194490	18.641645
.2399827721	18.869774
.2443460952	19.107894
.2487094184	19.338003
.2530727415	19.565102
.2574360646	19.788189
.2617993877	20.008262
.2661627109	20.225325
.2705260340	20.439377
.2748893571	20.648418
.2792526803	20.876449
.2836160034	21.127464
.2879793265	21.396464
.2923426497	21.66645
.2967059728	21.932426
.3010692959	22.187392
.3054326190	22.438352
.3097959422	22.68631
.3141592653	22.929268
.3185225884	23.171228
.3228859116	23.415193
.3272492347	23.661161
.3316125578	23.907133
.3359758809	24.151109
.3403392041	24.394086
.3447025272	24.639067
.3490658503	24.89005
.3534291735	25.146035
.3577924966	25.401022
.3621558197	25.655008
.3665191429	25.908993
.3708824660	26.162979
.3752457891	26.418967
.3796091122	26.676954
.3839724354	26.934941
.3883357585	27.188927
.3926990816	27.449912
.3970624048	27.709901
.4014257279	27.969887
.4057890510	28.228874
.4101523742	28.487866
.4145156973	28.745856
.4188790204	29.002846
.4232423435	29.25784
.4276056667	29.490835
.4319689898	29.740832
.4363323129	29.985831
.4406956361	30.226831
.4450589592	30.463834
.4494222823	30.695842
.4537856055	30.920853
.4581489286	31.137861
.4625122517	31.348871
.4668755748	31.553882
.4712388980	31.749893
.4756022211	31.938903
.4799655442	32.120911
.4843288674	32.293919
.4886921905	32.448923
.4930555136	32.605921
.4974188368	32.757924
.5017821599	32.900931
.5061454830	33.035941
.5105088061	33.171952
.5148721293	33.283962
.5192354524	33.396975
.5235987755	33.498984
