0	
.0043633231	.54874532
.0087266462	1.01673315
.0130899693	1.4843877
.0174532925	1.9516396
.0218166156	2.4182891
.0261799387	2.8841303
.0305432619	3.3500697
.0349065850	3.8167008
.0392699081	4.2818227
.0436332312	4.7448416
.0479965544	5.2057525
.0523598775	5.666848
.0567232006	6.1266397
.0610865238	6.5838283
.0654498469	7.0385971
.0698131700	7.4903569
.0741764932	7.9389126
.0785398163	8.3843628
.0829031394	8.8257939
.0872664625	9.2643107
.0916297857	9.699318
.0959931088	10.1297212
.1003564319	10.5560134
.1047197551	10.9792956
.1090830782	11.3965713
.1134464013	11.8088401
.1178097245	12.217096
.1221730476	12.619345
.1265363707	13.016589
.1308996938	13.407822
.1352630170	13.793045
.1396263401	14.171261
.1439896632	14.544471
.1483529864	14.909676
.1527163095	15.268871
.1570796326	15.621057
.1614429558	15.967235
.1658062789	16.304409
.1701696020	16.638572
.1745329251	16.964728
.1788962483	17.287876
.1832595714	17.603016
.1876228945	17.911149
.1919862177	18.21827
.1963495408	18.523374
.2007128639	18.825467
.2050761871	19.130544
.2094395102	19.433601
.2138028333	19.742642
.2181661564	20.056665
.2225294796	20.428664
.2268928027	20.860636
.2312561258	21.307595
.2356194490	21.757528
.2399827721	22.210417
.2443460952	22.673291
.2487094184	23.155158
.2530727415	23.642016
.2574360646	24.145874
.2617993877	24.654742
.2661627109	25.157626
.2705260340	25.671526
.2748893571	26.157436
.2792526803	26.651359
.2836160034	27.14429
.2879793265	27.646227
.2923426497	28.11917
.2967059728	28.575115
.3010692959	29.035069
.3054326190	29.483033
.3097959422	29.913008
.3141592653	30.346988
.3185225884	30.774971
.3228859116	31.201962
.3272492347	31.614957
.3316125578	32.021959
.3359758809	32.425968
.3403392041	32.826989
.3447025272	33.220019
.3490658503	33.609058
.3534291735	33.992101
.3577924966	34.369142
.3621558197	34.743184
.3665191429	35.10823
.3708824660	35.471276
.3752457891	35.827326
.3796091122	36.178376
.3839724354	36.520425
.3883357585	36.856472
.3926990816	37.186521
.3970624048	37.510572
.4014257279	37.829622
.4057890510	38.142671
.4101523742	38.447719
.4145156973	38.754769
.4188790204	39.050814
.4232423435	39.339864
.4276056667	39.620914
.4319689898	39.895964
.4363323129	40.164014
.4406956361	40.427064
.4450589592	40.683116
.4494222823	40.929165
.4537856055	41.170213
.4581489286	41.404259
.4625122517	41.631301
.4668755748	41.854345
.4712388980	42.065388
.4756022211	42.27043
.4799655442	42.46647
.4843288674	42.65451
.4886921905	42.834549
.4930555136	43.008584
.4974188368	43.16862
.5017821599	43.325654
.5061454830	43.473686
.5105088061	43.611714
.5148721293	43.817679
.5192354524	43.939705
.5235987755	44.055729
