0	
.0043633231	5.1079877
.0087266462	5.5824272
.0130899693	6.0560717
.0174532925	6.5277147
.0218166156	6.9975553
.0261799387	7.4663965
.0305432619	7.9336326
.0349065850	8.3983639
.0392699081	8.8608893
.0436332312	9.3209079
.0479965544	9.7758172
.0523598775	10.2322187
.0567232006	10.6846093
.0610865238	11.1329902
.0654498469	11.5783589
.0698131700	12.0197134
.0741764932	12.4570606
.0785398163	12.8923889
.0829031394	13.3207059
.0872664625	13.746012
.0916297857	14.166295
.0959931088	14.582567
.1003564319	14.991826
.1047197551	15.399071
.1090830782	15.803308
.1134464013	16.20153
.1178097245	16.594741
.1221730476	16.982944
.1265363707	17.364134
.1308996938	17.739312
