0	
.0043633231	.66613899154899702803411
.0087266462	1.13683687519783578133209
.0130899693	1.6072939059393187475457
.0174532925	2.0773378211841560402032
.0218166156	2.5468242076150463446423
.0261799387	3.0155668683501067419954
.0305432619	3.4838332014918057997016
.0349065850	3.9515258736726176507536
.0392699081	4.4182868084670757908177
.0436332312	4.8839970935739078407564
.0479965544	5.3482866075649704547732
.0523598775	5.8108759327602897389156
.0567232006	6.2716681680110728984403
.0610865238	6.7302491165985494636658
.0654498469	7.1863950687024772253646
.0698131700	7.6397868225068704282163
.0741764932	8.0905707823109593275412
.0785398163	8.5382452513318987411689
.0829031394	8.9827806152593861729263
.0872664625	9.4238007370348109981079
.0916297857	9.8611196208264554567261
.0959931088	10.2946250868350264141096
.1003564319	10.7239966979680254494903
.1047197551	11.148913786157753590899
.1090830782	11.569945525525818277462
.1134464013	11.9860301696779738588142
.1178097245	12.397218896482262261882
.1221730476	12.803113583130657752368
.1265363707	13.203853944533411955591
.1308996938	13.598670415849661612544
.1352630170	13.987437343427962126265
.1396263401	14.370084505596917646524
.1439896632	14.746471637313032931903
.1483529864	15.116186255539672307433
