0	
.0043633231	.40559269
.0087266462	.76947944
.0130899693	1.05919139
.0174532925	1.43478591
.0218166156	1.71718027
.0261799387	2.0226499
.0305432619	2.1629347
.0349065850	2.5624087
.0392699081	2.9099107
.0436332312	3.241492
.0479965544	3.3789704
.0523598775	3.5377614
.0567232006	3.789866
.0610865238	4.2054458
.0654498469	4.2955453
.0698131700	5.107372
.0741764932	7.5639374
.0785398163	5.7240383
.0829031394	7.7717268
.0872664625	7.13186
.0916297857	6.9223389
.0959931088	9.9354794
.1003564319	9.5532094
.1047197551	9.8435623
.1090830782	8.6728752
.1134464013	11.1521845
.1178097245	10.0112832
.1221730476	9.2853224
.1265363707	9.5824131
.1308996938	9.932911
.1352630170	10.2029925
.1396263401	12.1882824
.1439896632	12.0453904
.1483529864	11.617548
.1527163095	12.1138
.1570796326	13.5700678
.1614429558	13.398109
.1658062789	12.4943279
.1701696020	12.3084885
.1745329251	13.0066261
.1788962483	14.1608678
.1832595714	13.9150231
.1876228945	14.2351938
.1919862177	14.1523346
.1963495408	15.2605546
.2007128639	14.7366813
.2050761871	15.8448309
.2094395102	15.8539574
.2138028333	16.1291461
.2181661564	17.0583071
.2225294796	17.0394306
.2268928027	16.9445566
.2312561258	17.5577064
.2356194490	17.8108308
.2399827721	18.2949584
.2443460952	18.529072
.2487094184	18.683171
.2530727415	18.836273
.2574360646	19.074365
.2617993877	19.360447
.2661627109	19.516536
.2705260340	19.820607
.2748893571	20.057666
.2792526803	20.263721
.2836160034	20.495775
.2879793265	20.72581
.2923426497	20.940841
.2967059728	21.147858
.3010692959	21.302861
.3054326190	21.57486
.3097959422	21.906843
.3141592653	22.214804
.3185225884	22.438764
.3228859116	22.747717
.3272492347	23.053671
.3316125578	23.259627
.3359758809	23.622585
.3403392041	23.810545
.3447025272	24.118514
.3490658503	24.442483
.3534291735	24.678446
.3577924966	24.937417
.3621558197	25.181397
.3665191429	25.472379
.3708824660	25.789361
.3752457891	26.069342
.3796091122	26.350321
.3839724354	26.631303
.3883357585	26.910286
.3926990816	27.194273
.3970624048	27.473258
.4014257279	27.718242
.4057890510	27.992226
.4101523742	28.272213
.4145156973	28.544199
.4188790204	28.820187
.4232423435	29.081175
.4276056667	29.348164
.4319689898	29.581153
.4363323129	29.875151
.4406956361	30.086142
.4450589592	30.376141
.4494222823	30.59414
.4537856055	30.881139
.4581489286	31.129141
.4625122517	31.370142
.4668755748	31.609145
.4712388980	31.820148
.4756022211	32.081156
.4799655442	32.305164
.4843288674	32.456183
.4886921905	32.670193
.4930555136	32.908205
.4974188368	33.117217
.5017821599	33.29823
.5061454830	33.490244
.5105088061	33.67726
.5148721293	33.854274
.5192354524	34.027289
.5235987755	34.195302
