0	4.2948955
.0043633231	4.7377041
.0087266462	5.1799169
.0130899693	5.6190302
.0174532925	6.0577438
.0218166156	6.496058
.0261799387	6.9327705
.0305432619	7.3674818
.0349065850	7.804192
.0392699081	8.2352959
.0436332312	8.6653962
.0479965544	9.0933901
.0523598775	9.520179
.0567232006	9.9438596
.0610865238	10.3651305
.0654498469	10.7834955
.0698131700	11.1998492
.0741764932	11.6101957
.0785398163	12.0195296
.0829031394	12.428856
.0872664625	12.8311696
.0916297857	13.2314727
.0959931088	13.626766
.1003564319	14.020043
.1047197551	14.411308
.1090830782	14.794563
.1134464013	15.177805
.1178097245	15.559039
.1221730476	15.933263
.1265363707	16.304476
.1308996938	16.670679
.1352630170	17.032873
.1396263401	17.391056
.1439896632	17.745228
.1483529864	18.092392
.1527163095	18.436544
.1570796326	18.776684
.1614429558	19.112816
.1658062789	19.44294
.1701696020	19.768052
.1745329251	20.089154
.1788962483	20.404247
.1832595714	20.714332
.1876228945	21.018408
.1919862177	21.317471
.1963495408	21.610525
.2007128639	21.898569
.2050761871	22.180606
.2094395102	22.457633
.2138028333	22.733652
.2181661564	23.005659
.2225294796	23.272657
.2268928027	23.534645
.2312561258	23.793622
.2356194490	24.047591
.2399827721	24.28855
.2443460952	24.532498
.2487094184	24.84543
.2530727415	25.187348
.2574360646	25.504254
.2617993877	25.817149
.2661627109	26.184051
.2705260340	26.544953
.2748893571	26.870858
.2792526803	27.245781
.2836160034	27.61569
.2879793265	27.984568
.2923426497	28.355419
.2967059728	28.750254
.3010692959	29.140075
.3054326190	29.537888
.3097959422	29.9397
.3141592653	30.35051
.3185225884	30.762322
.3228859116	31.182145
.3272492347	31.582976
.3316125578	31.988816
.3359758809	32.389665
.3403392041	32.790525
.3447025272	33.182393
.3490658503	33.562267
.3534291735	33.934146
.3577924966	34.30703
.3621558197	34.6719183
.3665191429	35.0278118
.3708824660	35.3837093
.3752457891	35.7246151
.3796091122	36.0585282
.3839724354	36.3904479
.3883357585	36.7183759
.3926990816	37.0353119
.3970624048	37.3462499
.4014257279	37.6392006
.4057890510	37.907151
.4101523742	38.2731104
.4145156973	38.5520796
.4188790204	38.80405
.4232423435	39.073027
.4276056667	39.3560168
.4319689898	39.6810097
.4363323129	39.9130032
.4406956361	40.1769987
.4450589592	40.470997
.4494222823	40.7319893
.4537856055	40.9819888
.4581489286	41.1739914
.4625122517	41.4139949
.4668755748	41.6810024
.4712388980	41.8700039
.4756022211	42.1320117
.4799655442	42.3160155
.4843288674	42.5330258
.4886921905	42.7410361
.4930555136	42.9460495
.4974188368	43.2020635
.5017821599	43.3690814
.5061454830	43.5460965
.5105088061	43.7361118
.5148721293	43.9211247
.5192354524	44.1041412
.5235987755	44.2801586
