0.080000000000000	0.000000000000000
-0.000000000000000	0.080000000000000
-0.080000000000000	-0.000000000000000
0.000000000000000	-0.080000000000000
0.240000000000000	0.000000000000000
0.160000000000000	0.080000000000000
0.080000000000000	0.160000000000000
-0.000000000000000	0.240000000000000
-0.080000000000000	0.160000000000000
-0.160000000000000	0.080000000000000
-0.240000000000000	-0.000000000000000
-0.160000000000000	-0.080000000000000
-0.080000000000000	-0.160000000000000
0.000000000000000	-0.240000000000000
0.080000000000000	-0.160000000000000
0.160000000000000	-0.080000000000000
0.400000000000000	0.000000000000000
0.320000000000000	0.080000000000000
0.240000000000000	0.160000000000000
0.160000000000000	0.240000000000000
0.080000000000000	0.320000000000000
-0.000000000000000	0.400000000000000
-0.080000000000000	0.320000000000000
-0.160000000000000	0.240000000000000
-0.240000000000000	0.160000000000000
-0.320000000000000	0.080000000000000
-0.400000000000000	-0.000000000000000
-0.320000000000000	-0.080000000000000
-0.240000000000000	-0.160000000000000
-0.160000000000000	-0.240000000000000
-0.080000000000000	-0.320000000000000
0.000000000000000	-0.400000000000000
0.080000000000000	-0.320000000000000
0.160000000000000	-0.240000000000000
0.240000000000000	-0.160000000000000
0.320000000000000	-0.080000000000000
0.560000000000000	0.000000000000000
0.480000000000000	0.080000000000000
0.400000000000000	0.160000000000000
0.320000000000000	0.240000000000000
0.240000000000000	0.320000000000000
0.160000000000000	0.400000000000000
0.080000000000000	0.480000000000000
-0.000000000000000	0.560000000000000
-0.080000000000000	0.480000000000000
-0.160000000000000	0.400000000000000
-0.240000000000000	0.320000000000000
-0.320000000000000	0.240000000000000
-0.400000000000000	0.160000000000000
-0.480000000000000	0.080000000000000
-0.560000000000000	-0.000000000000000
-0.480000000000000	-0.080000000000000
-0.400000000000000	-0.160000000000000
-0.320000000000000	-0.240000000000000
-0.240000000000000	-0.320000000000000
-0.160000000000000	-0.400000000000000
-0.080000000000000	-0.480000000000000
0.000000000000000	-0.560000000000000
0.080000000000000	-0.480000000000000
0.160000000000000	-0.400000000000000
0.240000000000000	-0.320000000000000
0.320000000000000	-0.240000000000000
0.400000000000000	-0.160000000000000
0.480000000000000	-0.080000000000000
0.720000000000000	0.000000000000000
0.640000000000000	0.080000000000000
0.560000000000000	0.160000000000000
0.480000000000000	0.240000000000000
0.400000000000000	0.320000000000000
0.320000000000000	0.400000000000000
0.240000000000000	0.480000000000000
0.160000000000000	0.560000000000000
0.080000000000000	0.640000000000000
-0.000000000000000	0.720000000000000
-0.080000000000000	0.640000000000000
-0.160000000000000	0.560000000000000
-0.240000000000000	0.480000000000000
-0.320000000000000	0.400000000000000
-0.400000000000000	0.320000000000000
-0.480000000000000	0.240000000000000
-0.560000000000000	0.160000000000000
-0.640000000000000	0.080000000000000
-0.720000000000000	-0.000000000000000
-0.640000000000000	-0.080000000000000
-0.560000000000000	-0.160000000000000
-0.480000000000000	-0.240000000000000
-0.400000000000000	-0.320000000000000
-0.320000000000000	-0.400000000000000
-0.240000000000000	-0.480000000000000
-0.160000000000000	-0.560000000000000
-0.080000000000000	-0.640000000000000
0.000000000000000	-0.720000000000000
0.080000000000000	-0.640000000000000
0.160000000000000	-0.560000000000000
0.240000000000000	-0.480000000000000
0.320000000000000	-0.400000000000000
0.400000000000000	-0.320000000000000
0.480000000000000	-0.240000000000000
0.560000000000000	-0.160000000000000
0.640000000000000	-0.080000000000000
0.880000000000000	0.000000000000000
0.800000000000000	0.080000000000000
0.720000000000000	0.160000000000000
0.640000000000000	0.240000000000000
0.560000000000000	0.320000000000000
0.480000000000000	0.400000000000000
0.400000000000000	0.480000000000000
0.320000000000000	0.560000000000000
0.240000000000000	0.640000000000000
0.160000000000000	0.720000000000000
0.080000000000000	0.800000000000000
-0.000000000000000	0.880000000000000
-0.080000000000000	0.800000000000000
-0.160000000000000	0.720000000000000
-0.240000000000000	0.640000000000000
-0.320000000000000	0.560000000000000
-0.400000000000000	0.480000000000000
-0.480000000000000	0.400000000000000
-0.560000000000000	0.320000000000000
-0.640000000000000	0.240000000000000
-0.720000000000000	0.160000000000000
-0.800000000000000	0.080000000000000
-0.880000000000000	-0.000000000000000
-0.800000000000000	-0.080000000000000
-0.720000000000000	-0.160000000000000
-0.640000000000000	-0.240000000000000
-0.560000000000000	-0.320000000000000
-0.480000000000000	-0.400000000000000
-0.400000000000000	-0.480000000000000
-0.320000000000000	-0.560000000000000
-0.240000000000000	-0.640000000000000
-0.160000000000000	-0.720000000000000
-0.080000000000000	-0.800000000000000
0.000000000000000	-0.880000000000000
0.080000000000000	-0.800000000000000
0.160000000000000	-0.720000000000000
0.240000000000000	-0.640000000000000
0.320000000000000	-0.560000000000000
0.400000000000000	-0.480000000000000
0.480000000000000	-0.400000000000000
0.560000000000000	-0.320000000000000
0.640000000000000	-0.240000000000000
0.720000000000000	-0.160000000000000
0.800000000000000	-0.080000000000000
1.040000000000000	0.000000000000000
0.960000000000000	0.080000000000000
0.880000000000000	0.160000000000000
0.800000000000000	0.240000000000000
0.720000000000000	0.320000000000000
0.640000000000000	0.400000000000000
0.560000000000000	0.480000000000000
0.480000000000000	0.560000000000000
0.400000000000000	0.640000000000000
0.320000000000000	0.720000000000000
0.240000000000000	0.800000000000000
0.160000000000000	0.880000000000000
0.080000000000000	0.960000000000000
-0.000000000000000	1.040000000000000
-0.080000000000000	0.960000000000000
-0.160000000000000	0.880000000000000
-0.240000000000000	0.800000000000000
-0.320000000000000	0.720000000000000
-0.400000000000000	0.640000000000000
-0.480000000000000	0.560000000000000
-0.560000000000000	0.480000000000000
-0.640000000000000	0.400000000000000
-0.720000000000000	0.320000000000000
-0.800000000000000	0.240000000000000
-0.880000000000000	0.160000000000000
-0.960000000000000	0.080000000000000
-1.040000000000000	-0.000000000000000
-0.960000000000000	-0.080000000000000
-0.880000000000000	-0.160000000000000
-0.800000000000000	-0.240000000000000
-0.720000000000000	-0.320000000000000
-0.640000000000000	-0.400000000000000
-0.560000000000000	-0.480000000000000
-0.480000000000000	-0.560000000000000
-0.400000000000000	-0.640000000000000
-0.320000000000000	-0.720000000000000
-0.240000000000000	-0.800000000000000
-0.160000000000000	-0.880000000000000
-0.080000000000000	-0.960000000000000
0.000000000000000	-1.040000000000000
0.080000000000000	-0.960000000000000
0.160000000000000	-0.880000000000000
0.240000000000000	-0.800000000000000
0.320000000000000	-0.720000000000000
0.400000000000000	-0.640000000000000
0.480000000000000	-0.560000000000000
0.560000000000000	-0.480000000000000
0.640000000000000	-0.400000000000000
0.720000000000000	-0.320000000000000
0.800000000000000	-0.240000000000000
0.880000000000000	-0.160000000000000
0.960000000000000	-0.080000000000000
1.200000000000000	0.000000000000000
1.120000000000000	0.080000000000000
1.040000000000000	0.160000000000000
0.960000000000000	0.240000000000000
0.880000000000000	0.320000000000000
0.800000000000000	0.400000000000000
0.720000000000000	0.480000000000000
0.640000000000000	0.560000000000000
0.560000000000000	0.640000000000000
0.480000000000000	0.720000000000000
0.400000000000000	0.800000000000000
0.320000000000000	0.880000000000000
0.240000000000000	0.960000000000000
0.160000000000000	1.040000000000000
0.080000000000000	1.120000000000000
-0.000000000000000	1.200000000000000
-0.080000000000000	1.120000000000000
-0.160000000000000	1.040000000000000
-0.240000000000000	0.960000000000000
-0.320000000000000	0.880000000000000
-0.400000000000000	0.800000000000000
-0.480000000000000	0.720000000000000
-0.560000000000000	0.640000000000000
-0.640000000000000	0.560000000000000
-0.720000000000000	0.480000000000000
-0.800000000000000	0.400000000000000
-0.880000000000000	0.320000000000000
-0.960000000000000	0.240000000000000
-1.040000000000000	0.160000000000000
-1.120000000000000	0.080000000000000
-1.200000000000000	-0.000000000000000
-1.120000000000000	-0.080000000000000
-1.040000000000000	-0.160000000000000
-0.960000000000000	-0.240000000000000
-0.880000000000000	-0.320000000000000
-0.800000000000000	-0.400000000000000
-0.720000000000000	-0.480000000000000
-0.640000000000000	-0.560000000000000
-0.560000000000000	-0.640000000000000
-0.480000000000000	-0.720000000000000
-0.400000000000000	-0.800000000000000
-0.320000000000000	-0.880000000000000
-0.240000000000000	-0.960000000000000
-0.160000000000000	-1.040000000000000
-0.080000000000000	-1.120000000000000
0.000000000000000	-1.200000000000000
0.080000000000000	-1.120000000000000
0.160000000000000	-1.040000000000000
0.240000000000000	-0.960000000000000
0.320000000000000	-0.880000000000000
0.400000000000000	-0.800000000000000
0.480000000000000	-0.720000000000000
0.560000000000000	-0.640000000000000
0.640000000000000	-0.560000000000000
0.720000000000000	-0.480000000000000
0.800000000000000	-0.400000000000000
0.880000000000000	-0.320000000000000
0.960000000000000	-0.240000000000000
1.040000000000000	-0.160000000000000
1.120000000000000	-0.080000000000000
1.360000000000000	0.000000000000000
1.280000000000000	0.080000000000000
1.200000000000000	0.160000000000000
1.120000000000000	0.240000000000000
1.040000000000000	0.320000000000000
0.960000000000000	0.400000000000000
0.880000000000000	0.480000000000000
0.800000000000000	0.560000000000000
0.720000000000000	0.640000000000000
0.640000000000000	0.720000000000000
0.560000000000000	0.800000000000000
0.480000000000000	0.880000000000000
0.400000000000000	0.960000000000000
0.320000000000000	1.040000000000000
0.240000000000000	1.120000000000000
0.160000000000000	1.200000000000000
0.080000000000000	1.280000000000000
-0.000000000000000	1.360000000000000
-0.080000000000000	1.280000000000000
-0.160000000000000	1.200000000000000
-0.240000000000000	1.120000000000000
-0.320000000000000	1.040000000000000
-0.400000000000000	0.960000000000000
-0.480000000000000	0.880000000000000
-0.560000000000000	0.800000000000000
-0.640000000000000	0.720000000000000
-0.720000000000000	0.640000000000000
-0.800000000000000	0.560000000000000
-0.880000000000000	0.480000000000000
-0.960000000000000	0.400000000000000
-1.040000000000000	0.320000000000000
-1.120000000000000	0.240000000000000
-1.200000000000000	0.160000000000000
-1.280000000000000	0.080000000000000
-1.360000000000000	-0.000000000000000
-1.280000000000000	-0.080000000000000
-1.200000000000000	-0.160000000000000
-1.120000000000000	-0.240000000000000
-1.040000000000000	-0.320000000000000
-0.960000000000000	-0.400000000000000
-0.880000000000000	-0.480000000000000
-0.800000000000000	-0.560000000000000
-0.720000000000000	-0.640000000000000
-0.640000000000000	-0.720000000000000
-0.560000000000000	-0.800000000000000
-0.480000000000000	-0.880000000000000
-0.400000000000000	-0.960000000000000
-0.320000000000000	-1.040000000000000
-0.240000000000000	-1.120000000000000
-0.160000000000000	-1.200000000000000
-0.080000000000000	-1.280000000000000
0.000000000000000	-1.360000000000000
0.080000000000000	-1.280000000000000
0.160000000000000	-1.200000000000000
0.240000000000000	-1.120000000000000
0.320000000000000	-1.040000000000000
0.400000000000000	-0.960000000000000
0.480000000000000	-0.880000000000000
0.560000000000000	-0.800000000000000
0.640000000000000	-0.720000000000000
0.720000000000000	-0.640000000000000
0.800000000000000	-0.560000000000000
0.880000000000000	-0.480000000000000
0.960000000000000	-0.400000000000000
1.040000000000000	-0.320000000000000
1.120000000000000	-0.240000000000000
1.200000000000000	-0.160000000000000
1.280000000000000	-0.080000000000000
1.520000000000000	0.000000000000000
1.440000000000000	0.080000000000000
1.360000000000000	0.160000000000000
1.280000000000000	0.240000000000000
1.200000000000000	0.320000000000000
1.120000000000000	0.400000000000000
1.040000000000000	0.480000000000000
0.960000000000000	0.560000000000000
0.880000000000000	0.640000000000000
0.800000000000000	0.720000000000000
0.720000000000000	0.800000000000000
0.640000000000000	0.880000000000000
0.560000000000000	0.960000000000000
0.480000000000000	1.040000000000000
0.400000000000000	1.120000000000000
0.320000000000000	1.200000000000000
0.240000000000000	1.280000000000000
0.160000000000000	1.360000000000000
0.080000000000000	1.440000000000000
-0.000000000000000	1.520000000000000
-0.080000000000000	1.440000000000000
-0.160000000000000	1.360000000000000
-0.240000000000000	1.280000000000000
-0.320000000000000	1.200000000000000
-0.400000000000000	1.120000000000000
-0.480000000000000	1.040000000000000
-0.560000000000000	0.960000000000000
-0.640000000000000	0.880000000000000
-0.720000000000000	0.800000000000000
-0.800000000000000	0.720000000000000
-0.880000000000000	0.640000000000000
-0.960000000000000	0.560000000000000
-1.040000000000000	0.480000000000000
-1.120000000000000	0.400000000000000
-1.200000000000000	0.320000000000000
-1.280000000000000	0.240000000000000
-1.360000000000000	0.160000000000000
-1.440000000000000	0.080000000000000
-1.520000000000000	-0.000000000000000
-1.440000000000000	-0.080000000000000
-1.360000000000000	-0.160000000000000
-1.280000000000000	-0.240000000000000
-1.200000000000000	-0.320000000000000
-1.120000000000000	-0.400000000000000
-1.040000000000000	-0.480000000000000
-0.960000000000000	-0.560000000000000
-0.880000000000000	-0.640000000000000
-0.800000000000000	-0.720000000000000
-0.720000000000000	-0.800000000000000
-0.640000000000000	-0.880000000000000
-0.560000000000000	-0.960000000000000
-0.480000000000000	-1.040000000000000
-0.400000000000000	-1.120000000000000
-0.320000000000000	-1.200000000000000
-0.240000000000000	-1.280000000000000
-0.160000000000000	-1.360000000000000
-0.080000000000000	-1.440000000000000
0.000000000000000	-1.520000000000000
0.080000000000000	-1.440000000000000
0.160000000000000	-1.360000000000000
0.240000000000000	-1.280000000000000
0.320000000000000	-1.200000000000000
0.400000000000000	-1.120000000000000
0.480000000000000	-1.040000000000000
0.560000000000000	-0.960000000000000
0.640000000000000	-0.880000000000000
0.720000000000000	-0.800000000000000
0.800000000000000	-0.720000000000000
0.880000000000000	-0.640000000000000
0.960000000000000	-0.560000000000000
1.040000000000000	-0.480000000000000
1.120000000000000	-0.400000000000000
1.200000000000000	-0.320000000000000
1.280000000000000	-0.240000000000000
1.360000000000000	-0.160000000000000
1.440000000000000	-0.080000000000000
1.680000000000000	0.000000000000000
1.600000000000000	0.080000000000000
1.520000000000000	0.160000000000000
1.440000000000000	0.240000000000000
1.360000000000000	0.320000000000000
1.280000000000000	0.400000000000000
1.200000000000000	0.480000000000000
1.120000000000000	0.560000000000000
1.040000000000000	0.640000000000000
0.960000000000000	0.720000000000000
0.880000000000000	0.800000000000000
0.800000000000000	0.880000000000000
0.720000000000000	0.960000000000000
0.640000000000000	1.040000000000000
0.560000000000000	1.120000000000000
0.480000000000000	1.200000000000000
0.400000000000000	1.280000000000000
0.320000000000000	1.360000000000000
0.240000000000000	1.440000000000000
0.160000000000000	1.520000000000000
0.080000000000000	1.600000000000000
-0.000000000000000	1.680000000000000
-0.080000000000000	1.600000000000000
-0.160000000000000	1.520000000000000
-0.240000000000000	1.440000000000000
-0.320000000000000	1.360000000000000
-0.400000000000000	1.280000000000000
-0.480000000000000	1.200000000000000
-0.560000000000000	1.120000000000000
-0.640000000000000	1.040000000000000
-0.720000000000000	0.960000000000000
-0.800000000000000	0.880000000000000
-0.880000000000000	0.800000000000000
-0.960000000000000	0.720000000000000
-1.040000000000000	0.640000000000000
-1.120000000000000	0.560000000000000
-1.200000000000000	0.480000000000000
-1.280000000000000	0.400000000000000
-1.360000000000000	0.320000000000000
-1.440000000000000	0.240000000000000
-1.520000000000000	0.160000000000000
-1.600000000000000	0.080000000000000
-1.680000000000000	-0.000000000000000
-1.600000000000000	-0.080000000000000
-1.520000000000000	-0.160000000000000
-1.440000000000000	-0.240000000000000
-1.360000000000000	-0.320000000000000
-1.280000000000000	-0.400000000000000
-1.200000000000000	-0.480000000000000
-1.120000000000000	-0.560000000000000
-1.040000000000000	-0.640000000000000
-0.960000000000000	-0.720000000000000
-0.880000000000000	-0.800000000000000
-0.800000000000000	-0.880000000000000
-0.720000000000000	-0.960000000000000
-0.640000000000000	-1.040000000000000
-0.560000000000000	-1.120000000000000
-0.480000000000000	-1.200000000000000
-0.400000000000000	-1.280000000000000
-0.320000000000000	-1.360000000000000
-0.240000000000000	-1.440000000000000
-0.160000000000000	-1.520000000000000
-0.080000000000000	-1.600000000000000
0.000000000000000	-1.680000000000000
0.080000000000000	-1.600000000000000
0.160000000000000	-1.520000000000000
0.240000000000000	-1.440000000000000
0.320000000000000	-1.360000000000000
0.400000000000000	-1.280000000000000
0.480000000000000	-1.200000000000000
0.560000000000000	-1.120000000000000
0.640000000000000	-1.040000000000000
0.720000000000000	-0.960000000000000
0.800000000000000	-0.880000000000000
0.880000000000000	-0.800000000000000
0.960000000000000	-0.720000000000000
1.040000000000000	-0.640000000000000
1.120000000000000	-0.560000000000000
1.200000000000000	-0.480000000000000
1.280000000000000	-0.400000000000000
1.360000000000000	-0.320000000000000
1.440000000000000	-0.240000000000000
1.520000000000000	-0.160000000000000
1.600000000000000	-0.080000000000000
1.840000000000000	0.000000000000000
1.760000000000000	0.080000000000000
1.680000000000000	0.160000000000000
1.600000000000000	0.240000000000000
1.520000000000000	0.320000000000000
1.440000000000000	0.400000000000000
1.360000000000000	0.480000000000000
1.280000000000000	0.560000000000000
1.200000000000000	0.640000000000000
1.120000000000000	0.720000000000000
1.040000000000000	0.800000000000000
0.960000000000000	0.880000000000000
0.880000000000000	0.960000000000000
0.800000000000000	1.040000000000000
0.720000000000000	1.120000000000000
0.640000000000000	1.200000000000000
0.560000000000000	1.280000000000000
0.480000000000000	1.360000000000000
0.400000000000000	1.440000000000000
0.320000000000000	1.520000000000000
0.240000000000000	1.600000000000000
0.160000000000000	1.680000000000000
0.080000000000000	1.760000000000000
-0.000000000000000	1.840000000000000
-0.080000000000000	1.760000000000000
-0.160000000000000	1.680000000000000
-0.240000000000000	1.600000000000000
-0.320000000000000	1.520000000000000
-0.400000000000000	1.440000000000000
-0.480000000000000	1.360000000000000
-0.560000000000000	1.280000000000000
-0.640000000000000	1.200000000000000
-0.720000000000000	1.120000000000000
-0.800000000000000	1.040000000000000
-0.880000000000000	0.960000000000000
-0.960000000000000	0.880000000000000
-1.040000000000000	0.800000000000000
-1.120000000000000	0.720000000000000
-1.200000000000000	0.640000000000000
-1.280000000000000	0.560000000000000
-1.360000000000000	0.480000000000000
-1.440000000000000	0.400000000000000
-1.520000000000000	0.320000000000000
-1.600000000000000	0.240000000000000
-1.680000000000000	0.160000000000000
-1.760000000000000	0.080000000000000
-1.840000000000000	-0.000000000000000
-1.760000000000000	-0.080000000000000
-1.680000000000000	-0.160000000000000
-1.600000000000000	-0.240000000000000
-1.520000000000000	-0.320000000000000
-1.440000000000000	-0.400000000000000
-1.360000000000000	-0.480000000000000
-1.280000000000000	-0.560000000000000
-1.200000000000000	-0.640000000000000
-1.120000000000000	-0.720000000000000
-1.040000000000000	-0.800000000000000
-0.960000000000000	-0.880000000000000
-0.880000000000000	-0.960000000000000
-0.800000000000000	-1.040000000000000
-0.720000000000000	-1.120000000000000
-0.640000000000000	-1.200000000000000
-0.560000000000000	-1.280000000000000
-0.480000000000000	-1.360000000000000
-0.400000000000000	-1.440000000000000
-0.320000000000000	-1.520000000000000
-0.240000000000000	-1.600000000000000
-0.160000000000000	-1.680000000000000
-0.080000000000000	-1.760000000000000
0.000000000000000	-1.840000000000000
0.080000000000000	-1.760000000000000
0.160000000000000	-1.680000000000000
0.240000000000000	-1.600000000000000
0.320000000000000	-1.520000000000000
0.400000000000000	-1.440000000000000
0.480000000000000	-1.360000000000000
0.560000000000000	-1.280000000000000
0.640000000000000	-1.200000000000000
0.720000000000000	-1.120000000000000
0.800000000000000	-1.040000000000000
0.880000000000000	-0.960000000000000
0.960000000000000	-0.880000000000000
1.040000000000000	-0.800000000000000
1.120000000000000	-0.720000000000000
1.200000000000000	-0.640000000000000
1.280000000000000	-0.560000000000000
1.360000000000000	-0.480000000000000
1.440000000000000	-0.400000000000000
1.520000000000000	-0.320000000000000
1.600000000000000	-0.240000000000000
1.680000000000000	-0.160000000000000
1.760000000000000	-0.080000000000000
2.000000000000000	0.000000000000000
1.920000000000000	0.080000000000000
1.840000000000000	0.160000000000000
1.760000000000000	0.240000000000000
1.680000000000000	0.320000000000000
1.600000000000000	0.400000000000000
1.520000000000000	0.480000000000000
1.440000000000000	0.560000000000000
1.360000000000000	0.640000000000000
1.280000000000000	0.720000000000000
1.200000000000000	0.800000000000000
1.120000000000000	0.880000000000000
1.040000000000000	0.960000000000000
0.960000000000000	1.040000000000000
0.880000000000000	1.120000000000000
0.800000000000000	1.200000000000000
0.720000000000000	1.280000000000000
0.640000000000000	1.360000000000000
0.560000000000000	1.440000000000000
0.480000000000000	1.520000000000000
0.400000000000000	1.600000000000000
0.320000000000000	1.680000000000000
0.240000000000000	1.760000000000000
0.160000000000000	1.840000000000000
0.080000000000000	1.920000000000000
-0.000000000000000	2.000000000000000
-0.080000000000000	1.920000000000000
-0.160000000000000	1.840000000000000
-0.240000000000000	1.760000000000000
-0.320000000000000	1.680000000000000
-0.400000000000000	1.600000000000000
-0.480000000000000	1.520000000000000
-0.560000000000000	1.440000000000000
-0.640000000000000	1.360000000000000
-0.720000000000000	1.280000000000000
-0.800000000000000	1.200000000000000
-0.880000000000000	1.120000000000000
-0.960000000000000	1.040000000000000
-1.040000000000000	0.960000000000000
-1.120000000000000	0.880000000000000
-1.200000000000000	0.800000000000000
-1.280000000000000	0.720000000000000
-1.360000000000000	0.640000000000000
-1.440000000000000	0.560000000000000
-1.520000000000000	0.480000000000000
-1.600000000000000	0.400000000000000
-1.680000000000000	0.320000000000000
-1.760000000000000	0.240000000000000
-1.840000000000000	0.160000000000000
-1.920000000000000	0.080000000000000
-2.000000000000000	-0.000000000000000
-1.920000000000000	-0.080000000000000
-1.840000000000000	-0.160000000000000
-1.760000000000000	-0.240000000000000
-1.680000000000000	-0.320000000000000
-1.600000000000000	-0.400000000000000
-1.520000000000000	-0.480000000000000
-1.440000000000000	-0.560000000000000
-1.360000000000000	-0.640000000000000
-1.280000000000000	-0.720000000000000
-1.200000000000000	-0.800000000000000
-1.120000000000000	-0.880000000000000
-1.040000000000000	-0.960000000000000
-0.960000000000000	-1.040000000000000
-0.880000000000000	-1.120000000000000
-0.800000000000000	-1.200000000000000
-0.720000000000000	-1.280000000000000
-0.640000000000000	-1.360000000000000
-0.560000000000000	-1.440000000000000
-0.480000000000000	-1.520000000000000
-0.400000000000000	-1.600000000000000
-0.320000000000000	-1.680000000000000
-0.240000000000000	-1.760000000000000
-0.160000000000000	-1.840000000000000
-0.080000000000000	-1.920000000000000
0.000000000000000	-2.000000000000000
0.080000000000000	-1.920000000000000
0.160000000000000	-1.840000000000000
0.240000000000000	-1.760000000000000
0.320000000000000	-1.680000000000000
0.400000000000000	-1.600000000000000
0.480000000000000	-1.520000000000000
0.560000000000000	-1.440000000000000
0.640000000000000	-1.360000000000000
0.720000000000000	-1.280000000000000
0.800000000000000	-1.200000000000000
0.880000000000000	-1.120000000000000
0.960000000000000	-1.040000000000000
1.040000000000000	-0.960000000000000
1.120000000000000	-0.880000000000000
1.200000000000000	-0.800000000000000
1.280000000000000	-0.720000000000000
1.360000000000000	-0.640000000000000
1.440000000000000	-0.560000000000000
1.520000000000000	-0.480000000000000
1.600000000000000	-0.400000000000000
1.680000000000000	-0.320000000000000
1.760000000000000	-0.240000000000000
1.840000000000000	-0.160000000000000
1.920000000000000	-0.080000000000000
2.113137084989848	0.000000000000000
2.110167576555393	0.094491290513417
2.100295598894182	0.198925905568614
2.082494713580264	0.311316272181924
2.056014543013393	0.429781745371762
2.020347504967063	0.552548495570149
1.975200836275022	0.677948191960591
1.920473225324712	0.804416238969479
1.856235395907683	0.930490077834189
1.782714045040611	1.054807892878977
1.700278613953624	1.176107946163835
1.609430451970140	1.293228690864893
1.510794010253678	1.405109772515027
1.405109772515027	1.510794010253678
1.293228690864893	1.609430451970140
1.176107946163835	1.700278613953624
1.054807892878977	1.782714045040611
0.930490077834189	1.856235395907683
0.804416238969479	1.920473225324712
0.677948191960591	1.975200836275022
0.552548495570149	2.020347504967063
0.429781745371762	2.056014543013393
0.311316272181924	2.082494713580264
0.198925905568614	2.100295598894182
0.094491290513417	2.110167576555393
0.000000000000000	2.113137084989848
-0.094491290513417	2.110167576555393
-0.198925905568614	2.100295598894182
-0.311316272181924	2.082494713580264
-0.429781745371762	2.056014543013393
-0.552548495570149	2.020347504967063
-0.677948191960591	1.975200836275022
-0.804416238969479	1.920473225324712
-0.930490077834189	1.856235395907683
-1.054807892878977	1.782714045040611
-1.176107946163835	1.700278613953624
-1.293228690864893	1.609430451970140
-1.405109772515027	1.510794010253678
-1.510794010253678	1.405109772515027
-1.609430451970140	1.293228690864893
-1.700278613953624	1.176107946163835
-1.782714045040611	1.054807892878977
-1.856235395907683	0.930490077834189
-1.920473225324712	0.804416238969479
-1.975200836275022	0.677948191960591
-2.020347504967063	0.552548495570149
-2.056014543013393	0.429781745371762
-2.082494713580264	0.311316272181924
-2.100295598894182	0.198925905568614
-2.110167576555393	0.094491290513417
-2.113137084989848	0.000000000000000
-2.110167576555393	-0.094491290513417
-2.100295598894182	-0.198925905568614
-2.082494713580264	-0.311316272181924
-2.056014543013393	-0.429781745371762
-2.020347504967063	-0.552548495570149
-1.975200836275022	-0.677948191960591
-1.920473225324712	-0.804416238969479
-1.856235395907683	-0.930490077834189
-1.782714045040611	-1.054807892878977
-1.700278613953624	-1.176107946163835
-1.609430451970140	-1.293228690864893
-1.510794010253678	-1.405109772515027
-1.405109772515027	-1.510794010253678
-1.293228690864893	-1.609430451970140
-1.176107946163835	-1.700278613953624
-1.054807892878977	-1.782714045040611
-0.930490077834189	-1.856235395907683
-0.804416238969479	-1.920473225324712
-0.677948191960591	-1.975200836275022
-0.552548495570149	-2.020347504967063
-0.429781745371762	-2.056014543013393
-0.311316272181924	-2.082494713580264
-0.198925905568614	-2.100295598894182
-0.094491290513417	-2.110167576555393
0.000000000000000	-2.113137084989848
0.094491290513417	-2.110167576555393
0.198925905568614	-2.100295598894182
0.311316272181924	-2.082494713580264
0.429781745371762	-2.056014543013393
0.552548495570149	-2.020347504967063
0.677948191960591	-1.975200836275022
0.804416238969479	-1.920473225324712
0.930490077834189	-1.856235395907683
1.054807892878977	-1.782714045040611
1.176107946163835	-1.700278613953624
1.293228690864893	-1.609430451970140
1.405109772515027	-1.510794010253678
1.510794010253678	-1.405109772515027
1.609430451970140	-1.293228690864893
1.700278613953624	-1.176107946163835
1.782714045040611	-1.054807892878977
1.856235395907683	-0.930490077834189
1.920473225324712	-0.804416238969479
1.975200836275022	-0.677948191960591
2.020347504967063	-0.552548495570149
2.056014543013393	-0.429781745371762
2.082494713580264	-0.311316272181924
2.100295598894182	-0.198925905568614
2.110167576555393	-0.094491290513417
